#Name|Dust|NodeTop|NodeTopDepth|Filler|FillerDepth|Stone|WaterTop|WaterTopDepth|Water|River water|RiverBed|RiverBedDepth|CaveLiquid|DungeonNode|DungeonAlt|DungeonStair|Y-min|Y-max|Temperature|Humidity|MaxPos|MinPos|VerticalBlend||||||||||||||||||||||||||||||||||||||||||||||||||||||||||||||||||||||||||||||||||||||||||||||||||||||||||||||||||||||||||||||||||||||||||||||||||||||||||||||||||||||||||||||||||||||||||||||||||||||||||||||||||||||||
#GENERIC|||||||||||||||||||||||||||||||||||||||||||||||||||||||||||||||||||||||||||||||||||||||||||||||||||||||||||||||||||||||||||||||||||||||||||||||||||||||||||||||||||||||||||||||||||||||||||||||||||||||||||||||||||||||||||||||||||||||||||||||
generic_mantle||lib_materials:stone_brown|5|lib_materials:stone_basalt_01|6|lib_materials:liquid_lava_source|||||||||||-31000|-20000|50|50|||||||||||||||||||||||||||||||||||||||||||||||||||||||||||||||||||||||||||||||||||||||||||||||||||||||||||||||||||||||||||||||||||||||||||||||||||||||||||||||||||||||||||||||||||||||||||||||||||||||||||||||||||||||||||
stone_basalt_01_layer||lib_materials:stone_sand|5|lib_materials:stone_brown|4|lib_materials:stone_basalt_01||||lib_materials:liquid_lava_source|||||||-20000|-15000|50|50|||||||||||||||||||||||||||||||||||||||||||||||||||||||||||||||||||||||||||||||||||||||||||||||||||||||||||||||||||||||||||||||||||||||||||||||||||||||||||||||||||||||||||||||||||||||||||||||||||||||||||||||||||||||||||
stone_brown_layer||lib_materials:stone_desert|5|lib_materials:stone_sand|6|lib_materials:stone_brown||||lib_materials:liquid_lava_source|||||||-15000|-10000|50|50|||||||||||||||||||||||||||||||||||||||||||||||||||||||||||||||||||||||||||||||||||||||||||||||||||||||||||||||||||||||||||||||||||||||||||||||||||||||||||||||||||||||||||||||||||||||||||||||||||||||||||||||||||||||||||
stone_sand_layer||lib_materials:stone_sandstone_desert|5|lib_materials:stone_desert|5|lib_materials:stone_sand||||lib_materials:liquid_lava_source|||||||-10000|-6000|50|50|||||||||||||||||||||||||||||||||||||||||||||||||||||||||||||||||||||||||||||||||||||||||||||||||||||||||||||||||||||||||||||||||||||||||||||||||||||||||||||||||||||||||||||||||||||||||||||||||||||||||||||||||||||||||||
desert_stone_layer||lib_materials:stone_limestone_01|5|lib_materials:stone_sandstone_desert|4|lib_materials:stone_desert||||lib_materials:liquid_lava_source|||||||-6000|-5000|50|50|||||||||||||||||||||||||||||||||||||||||||||||||||||||||||||||||||||||||||||||||||||||||||||||||||||||||||||||||||||||||||||||||||||||||||||||||||||||||||||||||||||||||||||||||||||||||||||||||||||||||||||||||||||||||||
desert_sandstone_layer||lib_materials:stone_granite_01|5|lib_materials:stone_limestone_01|3|lib_materials:stone_sandstone_desert||||lib_materials:liquid_lava_source|||||||-5000|-4000|50|50|||||||||||||||||||||||||||||||||||||||||||||||||||||||||||||||||||||||||||||||||||||||||||||||||||||||||||||||||||||||||||||||||||||||||||||||||||||||||||||||||||||||||||||||||||||||||||||||||||||||||||||||||||||||||||
generic_stone_limestone_01_layer||lib_materials:stone|5|lib_materials:stone_granite_01|6|lib_materials:stone_limestone_01||||lib_materials:liquid_lava_source|||||||-4000|-3000|50|50|||||||||||||||||||||||||||||||||||||||||||||||||||||||||||||||||||||||||||||||||||||||||||||||||||||||||||||||||||||||||||||||||||||||||||||||||||||||||||||||||||||||||||||||||||||||||||||||||||||||||||||||||||||||||||
generic_granite_layer||lib_materials:stone_gabbro|5|lib_materials:stone|5|lib_materials:stone_granite_01||||lib_materials:liquid_lava_source|||||||-3000|-2000|50|50|||||||||||||||||||||||||||||||||||||||||||||||||||||||||||||||||||||||||||||||||||||||||||||||||||||||||||||||||||||||||||||||||||||||||||||||||||||||||||||||||||||||||||||||||||||||||||||||||||||||||||||||||||||||||||
generic_stone_layer||lib_materials:stone_andesite|5|lib_materials:stone_gabbro|6|lib_materials:stone||||lib_materials:liquid_lava_source|||||||-2000|ocean_depth|50|50|||||||||||||||||||||||||||||||||||||||||||||||||||||||||||||||||||||||||||||||||||||||||||||||||||||||||||||||||||||||||||||||||||||||||||||||||||||||||||||||||||||||||||||||||||||||||||||||||||||||||||||||||||||||||||
#HOT|||||||||||||||||||||||||||||||||||||||||||||||||||||||||||||||||||||||||||||||||||||||||||||||||||||||||||||||||||||||||||||||||||||||||||||||||||||||||||||||||||||||||||||||||||||||||||||||||||||||||||||||||||||||||||||||||||||||||||||||
hot_humid_ocean||lib_materials:sand|4|lib_materials:sand|4|lib_materials:stone_basalt_01|||||||||||ocean_depth|beach_depth|hot|humid|||||||||||||||||||||||||||||||||||||||||||||||||||||||||||||||||||||||||||||||||||||||||||||||||||||||||||||||||||||||||||||||||||||||||||||||||||||||||||||||||||||||||||||||||||||||||||||||||||||||||||||||||||||||||||
hot_humid_beach||lib_materials:sand|2|lib_materials:sand|4|lib_materials:stone_basalt_01|||||||||||beach_depth|beach|hot|humid|||||||||||||||||||||||||||||||||||||||||||||||||||||||||||||||||||||||||||||||||||||||||||||||||||||||||||||||||||||||||||||||||||||||||||||||||||||||||||||||||||||||||||||||||||||||||||||||||||||||||||||||||||||||||||
hot_humid_coastal||lib_materials:dirt_with_litter_rainforest|1|lib_materials:dirt_silt_02|4|lib_materials:stone_basalt_01|||||||||||beach|coastal|hot|humid|||||||||||||||||||||||||||||||||||||||||||||||||||||||||||||||||||||||||||||||||||||||||||||||||||||||||||||||||||||||||||||||||||||||||||||||||||||||||||||||||||||||||||||||||||||||||||||||||||||||||||||||||||||||||||
hot_humid_lowland||lib_materials:dirt_with_litter_rainforest|1|lib_materials:dirt_silty|3|lib_materials:stone_basalt_01|||||||||||coastal|lowland|hot|humid|||||||||||||||||||||||||||||||||||||||||||||||||||||||||||||||||||||||||||||||||||||||||||||||||||||||||||||||||||||||||||||||||||||||||||||||||||||||||||||||||||||||||||||||||||||||||||||||||||||||||||||||||||||||||||
hot_humid_shelf||lib_materials:dirt_with_litter_rainforest|1|lib_materials:dirt_dark|2|lib_materials:stone_basalt_01|||||||||||lowland|shelf|hot|humid|||||||||||||||||||||||||||||||||||||||||||||||||||||||||||||||||||||||||||||||||||||||||||||||||||||||||||||||||||||||||||||||||||||||||||||||||||||||||||||||||||||||||||||||||||||||||||||||||||||||||||||||||||||||||||
hot_humid_highland||lib_materials:dirt_with_litter_rainforest|1|lib_materials:dirt|1|lib_materials:stone_basalt_01|||||||||||shelf|highland|hot|humid|||||||||||||||||||||||||||||||||||||||||||||||||||||||||||||||||||||||||||||||||||||||||||||||||||||||||||||||||||||||||||||||||||||||||||||||||||||||||||||||||||||||||||||||||||||||||||||||||||||||||||||||||||||||||||
hot_humid_mountain||lib_materials:stone_granite_black|4|lib_materials:stone_basalt_02|6|lib_materials:stone_basalt_01|||||||||||highland|mountain|hot|humid|||||||||||||||||||||||||||||||||||||||||||||||||||||||||||||||||||||||||||||||||||||||||||||||||||||||||||||||||||||||||||||||||||||||||||||||||||||||||||||||||||||||||||||||||||||||||||||||||||||||||||||||||||||||||||
hot_humid_strato||lib_materials:stone_granite_brown_02|3|lib_materials:stone_granite_black|5|lib_materials:stone_basalt_02|||||||||||mountain|strato|hot|humid|||||||||||||||||||||||||||||||||||||||||||||||||||||||||||||||||||||||||||||||||||||||||||||||||||||||||||||||||||||||||||||||||||||||||||||||||||||||||||||||||||||||||||||||||||||||||||||||||||||||||||||||||||||||||||
hot_semihumid_ocean||lib_materials:sand|4|lib_materials:sand|4|lib_materials:stone_basalt_02|||||||||||ocean_depth|beach_depth|hot|semihumid|||||||||||||||||||||||||||||||||||||||||||||||||||||||||||||||||||||||||||||||||||||||||||||||||||||||||||||||||||||||||||||||||||||||||||||||||||||||||||||||||||||||||||||||||||||||||||||||||||||||||||||||||||||||||||
hot_semihumid_beach||lib_materials:sand_volcanic|2|lib_materials:sand|4|lib_materials:stone_basalt_02|||||||||||beach_depth|beach|hot|semihumid|||||||||||||||||||||||||||||||||||||||||||||||||||||||||||||||||||||||||||||||||||||||||||||||||||||||||||||||||||||||||||||||||||||||||||||||||||||||||||||||||||||||||||||||||||||||||||||||||||||||||||||||||||||||||||
hot_semihumid_coastal||lib_materials:dirt_with_grass_hot_semihumid_coastal|1|lib_materials:dirt_silty|4|lib_materials:stone_basalt_02|||||||||||beach|coastal|hot|semihumid|||||||||||||||||||||||||||||||||||||||||||||||||||||||||||||||||||||||||||||||||||||||||||||||||||||||||||||||||||||||||||||||||||||||||||||||||||||||||||||||||||||||||||||||||||||||||||||||||||||||||||||||||||||||||||
hot_semihumid_lowland||lib_materials:dirt_with_grass_hot_semihumid_lowland|1|lib_materials:dirt_dark|3|lib_materials:stone_basalt_02|||||||||||coastal|lowland|hot|semihumid|||||||||||||||||||||||||||||||||||||||||||||||||||||||||||||||||||||||||||||||||||||||||||||||||||||||||||||||||||||||||||||||||||||||||||||||||||||||||||||||||||||||||||||||||||||||||||||||||||||||||||||||||||||||||||
hot_semihumid_shelf||lib_materials:dirt_with_grass_hot_semihumid_shelf|1|lib_materials:dirt|2|lib_materials:stone_basalt_02|||||||||||lowland|shelf|hot|semihumid|||||||||||||||||||||||||||||||||||||||||||||||||||||||||||||||||||||||||||||||||||||||||||||||||||||||||||||||||||||||||||||||||||||||||||||||||||||||||||||||||||||||||||||||||||||||||||||||||||||||||||||||||||||||||||
hot_semihumid_highland||lib_materials:dirt_with_grass_hot_semihumid_highland|1|lib_materials:dirt_coarse|1|lib_materials:stone_basalt_02|||||||||||shelf|highland|hot|semihumid|||||||||||||||||||||||||||||||||||||||||||||||||||||||||||||||||||||||||||||||||||||||||||||||||||||||||||||||||||||||||||||||||||||||||||||||||||||||||||||||||||||||||||||||||||||||||||||||||||||||||||||||||||||||||||
hot_semihumid_mountain||lib_materials:stone_granite_brown_02|4|lib_materials:stone_granite_black|6|lib_materials:stone_basalt_02|||||||||||highland|mountain|hot|semihumid|||||||||||||||||||||||||||||||||||||||||||||||||||||||||||||||||||||||||||||||||||||||||||||||||||||||||||||||||||||||||||||||||||||||||||||||||||||||||||||||||||||||||||||||||||||||||||||||||||||||||||||||||||||||||||
hot_semihumid_strato||lib_materials:stone_gabbro|3|lib_materials:stone_granite_brown_02|5|lib_materials:stone_granite_black|||||||||||mountain|strato|hot|semihumid|||||||||||||||||||||||||||||||||||||||||||||||||||||||||||||||||||||||||||||||||||||||||||||||||||||||||||||||||||||||||||||||||||||||||||||||||||||||||||||||||||||||||||||||||||||||||||||||||||||||||||||||||||||||||||
hot_temperate_ocean||lib_materials:sand|4|lib_materials:sand|4|lib_materials:stone_granite_black|||||||||||ocean_depth|beach_depth|hot|temperate|||||||||||||||||||||||||||||||||||||||||||||||||||||||||||||||||||||||||||||||||||||||||||||||||||||||||||||||||||||||||||||||||||||||||||||||||||||||||||||||||||||||||||||||||||||||||||||||||||||||||||||||||||||||||||
hot_temperate_beach||lib_materials:sand_volcanic|2|lib_materials:sand|4|lib_materials:stone_granite_black|||||||||||beach_depth|beach|hot|temperate|||||||||||||||||||||||||||||||||||||||||||||||||||||||||||||||||||||||||||||||||||||||||||||||||||||||||||||||||||||||||||||||||||||||||||||||||||||||||||||||||||||||||||||||||||||||||||||||||||||||||||||||||||||||||||
hot_temperate_coastal||lib_materials:dirt_with_grass_hot_temperate_coastal|1|lib_materials:dirt_dark|4|lib_materials:stone_granite_black|||||||||||beach|coastal|hot|temperate|||||||||||||||||||||||||||||||||||||||||||||||||||||||||||||||||||||||||||||||||||||||||||||||||||||||||||||||||||||||||||||||||||||||||||||||||||||||||||||||||||||||||||||||||||||||||||||||||||||||||||||||||||||||||||
hot_temperate_lowland||lib_materials:dirt_with_grass_hot_temperate_lowland|1|lib_materials:dirt|3|lib_materials:stone_granite_black|||||||||||coastal|lowland|hot|temperate|||||||||||||||||||||||||||||||||||||||||||||||||||||||||||||||||||||||||||||||||||||||||||||||||||||||||||||||||||||||||||||||||||||||||||||||||||||||||||||||||||||||||||||||||||||||||||||||||||||||||||||||||||||||||||
hot_temperate_shelf||lib_materials:dirt_with_grass_hot_temperate_shelf|1|lib_materials:dirt_coarse|2|lib_materials:stone_granite_black|||||||||||lowland|shelf|hot|temperate|||||||||||||||||||||||||||||||||||||||||||||||||||||||||||||||||||||||||||||||||||||||||||||||||||||||||||||||||||||||||||||||||||||||||||||||||||||||||||||||||||||||||||||||||||||||||||||||||||||||||||||||||||||||||||
hot_temperate_highland||lib_materials:dirt_with_grass_hot_temperate_highland|1|lib_materials:dirt_clay_red|1|lib_materials:stone_granite_black|||||||||||shelf|highland|hot|temperate|||||||||||||||||||||||||||||||||||||||||||||||||||||||||||||||||||||||||||||||||||||||||||||||||||||||||||||||||||||||||||||||||||||||||||||||||||||||||||||||||||||||||||||||||||||||||||||||||||||||||||||||||||||||||||
hot_temperate_mountain||lib_materials:stone_gabbro|4|lib_materials:stone_granite_brown_02|6|lib_materials:stone_granite_black|||||||||||highland|mountain|hot|temperate|||||||||||||||||||||||||||||||||||||||||||||||||||||||||||||||||||||||||||||||||||||||||||||||||||||||||||||||||||||||||||||||||||||||||||||||||||||||||||||||||||||||||||||||||||||||||||||||||||||||||||||||||||||||||||
hot_temperate_strato||lib_materials:stone_brown|3|lib_materials:stone_gabbro|5|lib_materials:stone_granite_brown_02|||||||||||mountain|strato|hot|temperate|||||||||||||||||||||||||||||||||||||||||||||||||||||||||||||||||||||||||||||||||||||||||||||||||||||||||||||||||||||||||||||||||||||||||||||||||||||||||||||||||||||||||||||||||||||||||||||||||||||||||||||||||||||||||||
hot_semiarid_ocean||lib_materials:sand|4|lib_materials:sand|4|lib_materials:stone_granite_brown_02|||||||||||ocean_depth|beach_depth|hot|semiarid|||||||||||||||||||||||||||||||||||||||||||||||||||||||||||||||||||||||||||||||||||||||||||||||||||||||||||||||||||||||||||||||||||||||||||||||||||||||||||||||||||||||||||||||||||||||||||||||||||||||||||||||||||||||||||
hot_semiarid_beach||lib_materials:sand_beach|2|lib_materials:dirt_clayey|4|lib_materials:stone_granite_brown_02|||||||||||beach_depth|beach|hot|semiarid|||||||||||||||||||||||||||||||||||||||||||||||||||||||||||||||||||||||||||||||||||||||||||||||||||||||||||||||||||||||||||||||||||||||||||||||||||||||||||||||||||||||||||||||||||||||||||||||||||||||||||||||||||||||||||
hot_semiarid_coastal||lib_materials:dirt_with_grass_hot_semiarid_coastal|1|lib_materials:dirt|4|lib_materials:stone_granite_brown_02|||||||||||beach|coastal|hot|semiarid|||||||||||||||||||||||||||||||||||||||||||||||||||||||||||||||||||||||||||||||||||||||||||||||||||||||||||||||||||||||||||||||||||||||||||||||||||||||||||||||||||||||||||||||||||||||||||||||||||||||||||||||||||||||||||
hot_semiarid_lowland||lib_materials:dirt_with_grass_hot_semiarid_lowland|1|lib_materials:dirt_coarse|3|lib_materials:stone_granite_brown_02|||||||||||coastal|lowland|hot|semiarid|||||||||||||||||||||||||||||||||||||||||||||||||||||||||||||||||||||||||||||||||||||||||||||||||||||||||||||||||||||||||||||||||||||||||||||||||||||||||||||||||||||||||||||||||||||||||||||||||||||||||||||||||||||||||||
hot_semiarid_shelf||lib_materials:dirt_with_grass_hot_semiarid_shelf|1|lib_materials:dirt_clay_red|2|lib_materials:stone_granite_brown_02|||||||||||lowland|shelf|hot|semiarid|||||||||||||||||||||||||||||||||||||||||||||||||||||||||||||||||||||||||||||||||||||||||||||||||||||||||||||||||||||||||||||||||||||||||||||||||||||||||||||||||||||||||||||||||||||||||||||||||||||||||||||||||||||||||||
hot_semiarid_highland||lib_materials:dirt_with_grass_hot_semiarid_highland|1|lib_materials:dirt_clayey|1|lib_materials:stone_granite_brown_02|||||||||||shelf|highland|hot|semiarid|||||||||||||||||||||||||||||||||||||||||||||||||||||||||||||||||||||||||||||||||||||||||||||||||||||||||||||||||||||||||||||||||||||||||||||||||||||||||||||||||||||||||||||||||||||||||||||||||||||||||||||||||||||||||||
hot_semiarid_mountain||lib_materials:stone_brown|4|lib_materials:stone_gabbro|6|lib_materials:stone_granite_brown_02|||||||||||highland|mountain|hot|semiarid|||||||||||||||||||||||||||||||||||||||||||||||||||||||||||||||||||||||||||||||||||||||||||||||||||||||||||||||||||||||||||||||||||||||||||||||||||||||||||||||||||||||||||||||||||||||||||||||||||||||||||||||||||||||||||
hot_semiarid_strato||lib_materials:stone_sand|3|lib_materials:stone_brown|5|lib_materials:stone_gabbro|||||||||||mountain|strato|hot|semiarid|||||||||||||||||||||||||||||||||||||||||||||||||||||||||||||||||||||||||||||||||||||||||||||||||||||||||||||||||||||||||||||||||||||||||||||||||||||||||||||||||||||||||||||||||||||||||||||||||||||||||||||||||||||||||||
hot_arid_ocean||lib_materials:sand|4|lib_materials:dirt_clay_red|4|lib_materials:stone_gabbro|||||||||||ocean_depth|beach_depth|hot|arid|||||||||||||||||||||||||||||||||||||||||||||||||||||||||||||||||||||||||||||||||||||||||||||||||||||||||||||||||||||||||||||||||||||||||||||||||||||||||||||||||||||||||||||||||||||||||||||||||||||||||||||||||||||||||||
hot_arid_beach||lib_materials:stone_sandstone_gravel|2|lib_materials:dirt_clay_red|4|lib_materials:stone_gabbro|||||||||||beach_depth|beach|hot|arid|||||||||||||||||||||||||||||||||||||||||||||||||||||||||||||||||||||||||||||||||||||||||||||||||||||||||||||||||||||||||||||||||||||||||||||||||||||||||||||||||||||||||||||||||||||||||||||||||||||||||||||||||||||||||||
hot_arid_coastal||lib_materials:stone_sandstone_gravel|4|lib_materials:stone_brown|4|lib_materials:stone_gabbro||||lib_materials:stone_desert_gravel|||||||beach|coastal|hot|arid|||||||||||||||||||||||||||||||||||||||||||||||||||||||||||||||||||||||||||||||||||||||||||||||||||||||||||||||||||||||||||||||||||||||||||||||||||||||||||||||||||||||||||||||||||||||||||||||||||||||||||||||||||||||||||
hot_arid_lowland||lib_materials:stone_sandstone_gravel|3|lib_materials:stone_sand|3|lib_materials:stone_gabbro||||lib_materials:stone_desert_gravel|||||||coastal|lowland|hot|arid|||||||||||||||||||||||||||||||||||||||||||||||||||||||||||||||||||||||||||||||||||||||||||||||||||||||||||||||||||||||||||||||||||||||||||||||||||||||||||||||||||||||||||||||||||||||||||||||||||||||||||||||||||||||||||
hot_arid_shelf||lib_materials:stone_sandstone_gravel|2|lib_materials:stone_desert|2|lib_materials:stone_gabbro||||lib_materials:stone_desert_gravel|||||||lowland|shelf|hot|arid|||||||||||||||||||||||||||||||||||||||||||||||||||||||||||||||||||||||||||||||||||||||||||||||||||||||||||||||||||||||||||||||||||||||||||||||||||||||||||||||||||||||||||||||||||||||||||||||||||||||||||||||||||||||||||
hot_arid_highland||lib_materials:stone_sandstone_gravel|1|lib_materials:stone_sandstone_desert|1|lib_materials:stone_gabbro||||lib_materials:stone_desert_gravel|||||||shelf|highland|hot|arid|||||||||||||||||||||||||||||||||||||||||||||||||||||||||||||||||||||||||||||||||||||||||||||||||||||||||||||||||||||||||||||||||||||||||||||||||||||||||||||||||||||||||||||||||||||||||||||||||||||||||||||||||||||||||||
hot_arid_mountain||lib_materials:stone_sand|4|lib_materials:stone_brown|6|lib_materials:stone_gabbro|||||||||||highland|mountain|hot|arid|||||||||||||||||||||||||||||||||||||||||||||||||||||||||||||||||||||||||||||||||||||||||||||||||||||||||||||||||||||||||||||||||||||||||||||||||||||||||||||||||||||||||||||||||||||||||||||||||||||||||||||||||||||||||||
hot_arid_strato||lib_materials:stone_sandstone_desert|3|lib_materials:stone_sand|5|lib_materials:stone_brown|||||||||||mountain|strato|hot|arid|||||||||||||||||||||||||||||||||||||||||||||||||||||||||||||||||||||||||||||||||||||||||||||||||||||||||||||||||||||||||||||||||||||||||||||||||||||||||||||||||||||||||||||||||||||||||||||||||||||||||||||||||||||||||||
#hot_arid_mountain||air|10|air|25|lib_materials:stone_desert|||||||||||highland|mountain|hot|arid|||||||||||||||||||||||||||||||||||||||||||||||||||||||||||||||||||||||||||||||||||||||||||||||||||||||||||||||||||||||||||||||||||||||||||||||||||||||||||||||||||||||||||||||||||||||||||||||||||||||||||||||||||||||||||
#hot_arid_strato||air|15|air|15|air|||||||||||mountain|strato|hot|arid|||||||||||||||||||||||||||||||||||||||||||||||||||||||||||||||||||||||||||||||||||||||||||||||||||||||||||||||||||||||||||||||||||||||||||||||||||||||||||||||||||||||||||||||||||||||||||||||||||||||||||||||||||||||||||
#Name|Dust|NodeTop|NodeTopDepth|Filler|FillerDepth|Stone|WaterTop|WaterTopDepth|Water|River water|RiverBed|RiverBedDepth|CaveLiquid|DungeonNode|DungeonAlt|DungeonStair|Y-min|Y-max|Temperature|Humidity|MaxPos|MinPos|VerticalBlend||||||||||||||||||||||||||||||||||||||||||||||||||||||||||||||||||||||||||||||||||||||||||||||||||||||||||||||||||||||||||||||||||||||||||||||||||||||||||||||||||||||||||||||||||||||||||||||||||||||||||||||||||||||||
#WARM|||||||||||||||||||||||||||||||||||||||||||||||||||||||||||||||||||||||||||||||||||||||||||||||||||||||||||||||||||||||||||||||||||||||||||||||||||||||||||||||||||||||||||||||||||||||||||||||||||||||||||||||||||||||||||||||||||||||||||||||
warm_humid_ocean||lib_materials:sand|4|lib_materials:sand|4|lib_materials:stone_basalt_03|||||||||||ocean_depth|beach_depth|warm|humid|||||||||||||||||||||||||||||||||||||||||||||||||||||||||||||||||||||||||||||||||||||||||||||||||||||||||||||||||||||||||||||||||||||||||||||||||||||||||||||||||||||||||||||||||||||||||||||||||||||||||||||||||||||||||||
warm_humid_beach||lib_materials:sand_white|1|lib_materials:sand_volcanic|4|lib_materials:stone_basalt_03|||||||||||beach_depth|beach|warm|humid|||||||||||||||||||||||||||||||||||||||||||||||||||||||||||||||||||||||||||||||||||||||||||||||||||||||||||||||||||||||||||||||||||||||||||||||||||||||||||||||||||||||||||||||||||||||||||||||||||||||||||||||||||||||||||
warm_humid_coastal||lib_materials:dirt_with_grass_warm_humid_coastal|1|lib_materials:dirt_silt_02|4|lib_materials:stone_basalt_03|||||||||||beach|coastal|warm|humid|||||||||||||||||||||||||||||||||||||||||||||||||||||||||||||||||||||||||||||||||||||||||||||||||||||||||||||||||||||||||||||||||||||||||||||||||||||||||||||||||||||||||||||||||||||||||||||||||||||||||||||||||||||||||||
warm_humid_lowland||lib_materials:dirt_with_grass_warm_humid_lowland|1|lib_materials:dirt_silty|3|lib_materials:stone_basalt_03|||||||||||coastal|lowland|warm|humid|||||||||||||||||||||||||||||||||||||||||||||||||||||||||||||||||||||||||||||||||||||||||||||||||||||||||||||||||||||||||||||||||||||||||||||||||||||||||||||||||||||||||||||||||||||||||||||||||||||||||||||||||||||||||||
warm_humid_shelf||lib_materials:dirt_with_grass_warm_humid_shelf|1|lib_materials:dirt_dark|2|lib_materials:stone_basalt_03|||||||||||lowland|shelf|warm|humid|||||||||||||||||||||||||||||||||||||||||||||||||||||||||||||||||||||||||||||||||||||||||||||||||||||||||||||||||||||||||||||||||||||||||||||||||||||||||||||||||||||||||||||||||||||||||||||||||||||||||||||||||||||||||||
warm_humid_highland||lib_materials:dirt_with_grass_warm_humid_highland|1|lib_materials:dirt|1|lib_materials:stone_basalt_03|||||||||||shelf|highland|warm|humid|||||||||||||||||||||||||||||||||||||||||||||||||||||||||||||||||||||||||||||||||||||||||||||||||||||||||||||||||||||||||||||||||||||||||||||||||||||||||||||||||||||||||||||||||||||||||||||||||||||||||||||||||||||||||||
warm_humid_mountain||lib_materials:stone_granite_brown|4|lib_materials:stone_gneiss_02|6|lib_materials:stone_basalt_03|||||||||||highland|mountain|warm|humid|||||||||||||||||||||||||||||||||||||||||||||||||||||||||||||||||||||||||||||||||||||||||||||||||||||||||||||||||||||||||||||||||||||||||||||||||||||||||||||||||||||||||||||||||||||||||||||||||||||||||||||||||||||||||||
warm_humid_strato||lib_materials:stone_brown|3|lib_materials:stone_granite_brown|5|lib_materials:stone_gneiss_02|||||||||||mountain|strato|warm|humid|||||||||||||||||||||||||||||||||||||||||||||||||||||||||||||||||||||||||||||||||||||||||||||||||||||||||||||||||||||||||||||||||||||||||||||||||||||||||||||||||||||||||||||||||||||||||||||||||||||||||||||||||||||||||||
warm_semihumid_ocean||lib_materials:sand|2|lib_materials:sand|4|lib_materials:stone_gneiss_02|||||||||||ocean_depth|beach_depth|warm|semihumid|||||||||||||||||||||||||||||||||||||||||||||||||||||||||||||||||||||||||||||||||||||||||||||||||||||||||||||||||||||||||||||||||||||||||||||||||||||||||||||||||||||||||||||||||||||||||||||||||||||||||||||||||||||||||||
warm_semihumid_beach||lib_materials:sand_white|1|lib_materials:sand_white|4|lib_materials:stone_gneiss_02|||||||||||beach_depth|beach|warm|semihumid|||||||||||||||||||||||||||||||||||||||||||||||||||||||||||||||||||||||||||||||||||||||||||||||||||||||||||||||||||||||||||||||||||||||||||||||||||||||||||||||||||||||||||||||||||||||||||||||||||||||||||||||||||||||||||
warm_semihumid_coastal||lib_materials:dirt_with_grass_warm_semihumid_coastal|1|lib_materials:dirt_silty|4|lib_materials:stone_gneiss_02|||||||||||beach|coastal|warm|semihumid|||||||||||||||||||||||||||||||||||||||||||||||||||||||||||||||||||||||||||||||||||||||||||||||||||||||||||||||||||||||||||||||||||||||||||||||||||||||||||||||||||||||||||||||||||||||||||||||||||||||||||||||||||||||||||
warm_semihumid_lowland||lib_materials:dirt_with_grass_warm_semihumid_lowland|1|lib_materials:dirt|3|lib_materials:stone_gneiss_02|||||||||||coastal|lowland|warm|semihumid|||||||||||||||||||||||||||||||||||||||||||||||||||||||||||||||||||||||||||||||||||||||||||||||||||||||||||||||||||||||||||||||||||||||||||||||||||||||||||||||||||||||||||||||||||||||||||||||||||||||||||||||||||||||||||
warm_semihumid_shelf||lib_materials:dirt_with_grass_warm_semihumid_shelf|1|lib_materials:dirt_coarse|2|lib_materials:stone_gneiss_02|||||||||||lowland|shelf|warm|semihumid|||||||||||||||||||||||||||||||||||||||||||||||||||||||||||||||||||||||||||||||||||||||||||||||||||||||||||||||||||||||||||||||||||||||||||||||||||||||||||||||||||||||||||||||||||||||||||||||||||||||||||||||||||||||||||
warm_semihumid_highland||lib_materials:dirt_with_grass_warm_semihumid_highland|1|lib_materials:dirt_dry|1|lib_materials:stone_gneiss_02|||||||||||shelf|highland|warm|semihumid|||||||||||||||||||||||||||||||||||||||||||||||||||||||||||||||||||||||||||||||||||||||||||||||||||||||||||||||||||||||||||||||||||||||||||||||||||||||||||||||||||||||||||||||||||||||||||||||||||||||||||||||||||||||||||
warm_semihumid_mountain||lib_materials:stone_brown|4|lib_materials:stone_granite_brown|6|lib_materials:stone_gneiss_02|||||||||||highland|mountain|warm|semihumid|||||||||||||||||||||||||||||||||||||||||||||||||||||||||||||||||||||||||||||||||||||||||||||||||||||||||||||||||||||||||||||||||||||||||||||||||||||||||||||||||||||||||||||||||||||||||||||||||||||||||||||||||||||||||||
warm_semihumid_strato||lib_materials:stone_sand|3|lib_materials:stone_brown|5|lib_materials:stone_granite_brown|||||||||||mountain|strato|warm|semihumid|||||||||||||||||||||||||||||||||||||||||||||||||||||||||||||||||||||||||||||||||||||||||||||||||||||||||||||||||||||||||||||||||||||||||||||||||||||||||||||||||||||||||||||||||||||||||||||||||||||||||||||||||||||||||||
warm_temperate_ocean||lib_materials:sand|2|lib_materials:sand|4|lib_materials:stone_granite_brown|||||||||||ocean_depth|beach_depth|warm|temperate|||||||||||||||||||||||||||||||||||||||||||||||||||||||||||||||||||||||||||||||||||||||||||||||||||||||||||||||||||||||||||||||||||||||||||||||||||||||||||||||||||||||||||||||||||||||||||||||||||||||||||||||||||||||||||
warm_temperate_beach||lib_materials:sand_beach|1|lib_materials:sand|4|lib_materials:stone_granite_brown|||||||||||beach_depth|beach|warm|temperate|||||||||||||||||||||||||||||||||||||||||||||||||||||||||||||||||||||||||||||||||||||||||||||||||||||||||||||||||||||||||||||||||||||||||||||||||||||||||||||||||||||||||||||||||||||||||||||||||||||||||||||||||||||||||||
warm_temperate_coastal||lib_materials:dirt_with_grass_warm_temperate_coastal|1|lib_materials:dirt_dark|4|lib_materials:stone_granite_brown|||||||||||beach|coastal|warm|temperate|||||||||||||||||||||||||||||||||||||||||||||||||||||||||||||||||||||||||||||||||||||||||||||||||||||||||||||||||||||||||||||||||||||||||||||||||||||||||||||||||||||||||||||||||||||||||||||||||||||||||||||||||||||||||||
warm_temperate_lowland||lib_materials:dirt_with_grass_warm_temperate_lowland|1|lib_materials:dirt|3|lib_materials:stone_granite_brown|||||||||||coastal|lowland|warm|temperate|||||||||||||||||||||||||||||||||||||||||||||||||||||||||||||||||||||||||||||||||||||||||||||||||||||||||||||||||||||||||||||||||||||||||||||||||||||||||||||||||||||||||||||||||||||||||||||||||||||||||||||||||||||||||||
warm_temperate_shelf||lib_materials:dirt_with_grass_warm_temperate_shelf|1|lib_materials:dirt_coarse|2|lib_materials:stone_granite_brown|||||||||||lowland|shelf|warm|temperate|||||||||||||||||||||||||||||||||||||||||||||||||||||||||||||||||||||||||||||||||||||||||||||||||||||||||||||||||||||||||||||||||||||||||||||||||||||||||||||||||||||||||||||||||||||||||||||||||||||||||||||||||||||||||||
warm_temperate_highland||lib_materials:dirt_with_grass_warm_temperate_highland|1|lib_materials:dirt_clay_red|1|lib_materials:stone_granite_brown|||||||||||shelf|highland|warm|temperate|||||||||||||||||||||||||||||||||||||||||||||||||||||||||||||||||||||||||||||||||||||||||||||||||||||||||||||||||||||||||||||||||||||||||||||||||||||||||||||||||||||||||||||||||||||||||||||||||||||||||||||||||||||||||||
warm_temperate_mountain||lib_materials:stone_sand|4|lib_materials:stone_brown|6|lib_materials:stone_granite_brown|||||||||||highland|mountain|warm|temperate|||||||||||||||||||||||||||||||||||||||||||||||||||||||||||||||||||||||||||||||||||||||||||||||||||||||||||||||||||||||||||||||||||||||||||||||||||||||||||||||||||||||||||||||||||||||||||||||||||||||||||||||||||||||||||
warm_temperate_strato||lib_materials:stone_sandstone|3|lib_materials:stone_sand|5|lib_materials:stone_brown|||||||||||mountain|strato|warm|temperate|||||||||||||||||||||||||||||||||||||||||||||||||||||||||||||||||||||||||||||||||||||||||||||||||||||||||||||||||||||||||||||||||||||||||||||||||||||||||||||||||||||||||||||||||||||||||||||||||||||||||||||||||||||||||||
warm_semiarid_ocean||lib_materials:sand|2|lib_materials:sand|4|lib_materials:stone_brown|||||||||||ocean_depth|beach_depth|warm|semiarid|||||||||||||||||||||||||||||||||||||||||||||||||||||||||||||||||||||||||||||||||||||||||||||||||||||||||||||||||||||||||||||||||||||||||||||||||||||||||||||||||||||||||||||||||||||||||||||||||||||||||||||||||||||||||||
warm_semiarid_beach||lib_materials:sand_beach|1|lib_materials:sand|4|lib_materials:stone_brown|||||||||||beach_depth|beach|warm|semiarid|||||||||||||||||||||||||||||||||||||||||||||||||||||||||||||||||||||||||||||||||||||||||||||||||||||||||||||||||||||||||||||||||||||||||||||||||||||||||||||||||||||||||||||||||||||||||||||||||||||||||||||||||||||||||||
warm_semiarid_coastal||lib_materials:dirt_with_grass_warm_semiarid_coastal|1|lib_materials:dirt|4|lib_materials:stone_brown|||||||||||beach|coastal|warm|semiarid|||||||||||||||||||||||||||||||||||||||||||||||||||||||||||||||||||||||||||||||||||||||||||||||||||||||||||||||||||||||||||||||||||||||||||||||||||||||||||||||||||||||||||||||||||||||||||||||||||||||||||||||||||||||||||
warm_semiarid_lowland||lib_materials:dirt_with_grass_warm_semiarid_lowland|1|lib_materials:dirt_coarse|3|lib_materials:stone_brown|||||||||||coastal|lowland|warm|semiarid|||||||||||||||||||||||||||||||||||||||||||||||||||||||||||||||||||||||||||||||||||||||||||||||||||||||||||||||||||||||||||||||||||||||||||||||||||||||||||||||||||||||||||||||||||||||||||||||||||||||||||||||||||||||||||
warm_semiarid_shelf||lib_materials:dirt_with_grass_warm_semiarid_shelf|1|lib_materials:dirt_clay_red|2|lib_materials:stone_brown|||||||||||lowland|shelf|warm|semiarid|||||||||||||||||||||||||||||||||||||||||||||||||||||||||||||||||||||||||||||||||||||||||||||||||||||||||||||||||||||||||||||||||||||||||||||||||||||||||||||||||||||||||||||||||||||||||||||||||||||||||||||||||||||||||||
warm_semiarid_highland||lib_materials:dirt_with_grass_warm_semiarid_highland|1|lib_materials:dirt_clayey|1|lib_materials:stone_brown|||||||||||shelf|highland|warm|semiarid|||||||||||||||||||||||||||||||||||||||||||||||||||||||||||||||||||||||||||||||||||||||||||||||||||||||||||||||||||||||||||||||||||||||||||||||||||||||||||||||||||||||||||||||||||||||||||||||||||||||||||||||||||||||||||
warm_semiarid_mountain||lib_materials:stone_sandstone|4|lib_materials:stone_sand|6|lib_materials:stone_brown|||||||||||highland|mountain|warm|semiarid|||||||||||||||||||||||||||||||||||||||||||||||||||||||||||||||||||||||||||||||||||||||||||||||||||||||||||||||||||||||||||||||||||||||||||||||||||||||||||||||||||||||||||||||||||||||||||||||||||||||||||||||||||||||||||
warm_semiarid_strato||lib_materials:stone_sandstone_white|3|lib_materials:stone_sandstone|5|lib_materials:stone_sand|||||||||||mountain|strato|warm|semiarid|||||||||||||||||||||||||||||||||||||||||||||||||||||||||||||||||||||||||||||||||||||||||||||||||||||||||||||||||||||||||||||||||||||||||||||||||||||||||||||||||||||||||||||||||||||||||||||||||||||||||||||||||||||||||||
warm_arid_ocean||lib_materials:sand|4|lib_materials:sand|4|lib_materials:stone_sand|||||||||||ocean_depth|beach_depth|warm|arid|||||||||||||||||||||||||||||||||||||||||||||||||||||||||||||||||||||||||||||||||||||||||||||||||||||||||||||||||||||||||||||||||||||||||||||||||||||||||||||||||||||||||||||||||||||||||||||||||||||||||||||||||||||||||||
warm_arid_beach||lib_materials:stone_sandstone_white_gravel|2|lib_materials:sand|4|lib_materials:stone_sand|||||||||||beach_depth|beach|warm|arid|||||||||||||||||||||||||||||||||||||||||||||||||||||||||||||||||||||||||||||||||||||||||||||||||||||||||||||||||||||||||||||||||||||||||||||||||||||||||||||||||||||||||||||||||||||||||||||||||||||||||||||||||||||||||||
warm_arid_coastal||lib_materials:stone_sandstone_white_gravel|3|lib_materials:stone_sand|4|lib_materials:stone_sand||||lib_materials:stone_sandstone_white_gravel|||||||beach|coastal|warm|arid|||||||||||||||||||||||||||||||||||||||||||||||||||||||||||||||||||||||||||||||||||||||||||||||||||||||||||||||||||||||||||||||||||||||||||||||||||||||||||||||||||||||||||||||||||||||||||||||||||||||||||||||||||||||||||
warm_arid_lowland||lib_materials:stone_sandstone_white_gravel|2|lib_materials:stone_sand|3|lib_materials:stone_sand||||lib_materials:stone_sandstone_white_gravel|||||||coastal|lowland|warm|arid|||||||||||||||||||||||||||||||||||||||||||||||||||||||||||||||||||||||||||||||||||||||||||||||||||||||||||||||||||||||||||||||||||||||||||||||||||||||||||||||||||||||||||||||||||||||||||||||||||||||||||||||||||||||||||
warm_arid_shelf||lib_materials:stone_sandstone_white_gravel|1|lib_materials:stone_sand|2|lib_materials:stone_sand||||lib_materials:stone_sandstone_white_gravel|||||||lowland|shelf|warm|arid|||||||||||||||||||||||||||||||||||||||||||||||||||||||||||||||||||||||||||||||||||||||||||||||||||||||||||||||||||||||||||||||||||||||||||||||||||||||||||||||||||||||||||||||||||||||||||||||||||||||||||||||||||||||||||
warm_arid_highland||lib_materials:stone_sandstone_white_gravel|1|lib_materials:stone_sand|1|lib_materials:stone_sand||||lib_materials:stone_sandstone_white_gravel|||||||shelf|highland|warm|arid|||||||||||||||||||||||||||||||||||||||||||||||||||||||||||||||||||||||||||||||||||||||||||||||||||||||||||||||||||||||||||||||||||||||||||||||||||||||||||||||||||||||||||||||||||||||||||||||||||||||||||||||||||||||||||
warm_arid_mountain||lib_materials:stone_sandstone_white|4|lib_materials:stone_sandstone|6|lib_materials:stone_sand||||lib_materials:stone_sandstone_white_gravel|||||||highland|mountain|warm|arid|||||||||||||||||||||||||||||||||||||||||||||||||||||||||||||||||||||||||||||||||||||||||||||||||||||||||||||||||||||||||||||||||||||||||||||||||||||||||||||||||||||||||||||||||||||||||||||||||||||||||||||||||||||||||||
warm_arid_strato||lib_materials:stone_sandstone_desert|3|lib_materials:stone_sandstone_white|5|lib_materials:stone_sandstone||||lib_materials:stone_sandstone_white_gravel|||||||mountain|strato|warm|arid|||||||||||||||||||||||||||||||||||||||||||||||||||||||||||||||||||||||||||||||||||||||||||||||||||||||||||||||||||||||||||||||||||||||||||||||||||||||||||||||||||||||||||||||||||||||||||||||||||||||||||||||||||||||||||
#Name|Dust|NodeTop|NodeTopDepth|Filler|FillerDepth|Stone|WaterTop|WaterTopDepth|Water|River water|RiverBed|RiverBedDepth|CaveLiquid|DungeonNode|DungeonAlt|DungeonStair|Y-min|Y-max|Temperature|Humidity|MaxPos|MinPos|VerticalBlend|#Name|Dust|NodeTop|NodeTopDepth|Filler|FillerDepth|Stone|WaterTop|WaterTopDepth|Water|River water|RiverBed|RiverBedDepth|CaveLiquid|DungeonNode|DungeonAlt|DungeonStair|Y-min|Y-max|Temperature|Humidity|MaxPos|MinPos|VerticalBlend|#Name|Dust|NodeTop|NodeTopDepth|Filler|FillerDepth|Stone|WaterTop|WaterTopDepth|Water|River water|RiverBed|RiverBedDepth|CaveLiquid|DungeonNode|DungeonAlt|DungeonStair|Y-min|Y-max|Temperature|Humidity|MaxPos|MinPos|VerticalBlend|#Name|Dust|NodeTop|NodeTopDepth|Filler|FillerDepth|Stone|WaterTop|WaterTopDepth|Water|River water|RiverBed|RiverBedDepth|CaveLiquid|DungeonNode|DungeonAlt|DungeonStair|Y-min|Y-max|Temperature|Humidity|MaxPos|MinPos|VerticalBlend|#Name|Dust|NodeTop|NodeTopDepth|Filler|FillerDepth|Stone|WaterTop|WaterTopDepth|Water|River water|RiverBed|RiverBedDepth|CaveLiquid|DungeonNode|DungeonAlt|DungeonStair|Y-min|Y-max|Temperature|Humidity|MaxPos|MinPos|VerticalBlend|#Name|Dust|NodeTop|NodeTopDepth|Filler|FillerDepth|Stone|WaterTop|WaterTopDepth|Water|River water|RiverBed|RiverBedDepth|CaveLiquid|DungeonNode|DungeonAlt|DungeonStair|Y-min|Y-max|Temperature|Humidity|MaxPos|MinPos|VerticalBlend|#Name|Dust|NodeTop|NodeTopDepth|Filler|FillerDepth|Stone|WaterTop|WaterTopDepth|Water|River water|RiverBed|RiverBedDepth|CaveLiquid|DungeonNode|DungeonAlt|DungeonStair|Y-min|Y-max|Temperature|Humidity|MaxPos|MinPos|VerticalBlend|#Name|Dust|NodeTop|NodeTopDepth|Filler|FillerDepth|Stone|WaterTop|WaterTopDepth|Water|River water|RiverBed|RiverBedDepth|CaveLiquid|DungeonNode|DungeonAlt|DungeonStair|Y-min|Y-max|Temperature|Humidity|MaxPos|MinPos|VerticalBlend|#Name|Dust|NodeTop|NodeTopDepth|Filler|FillerDepth|Stone|WaterTop|WaterTopDepth|Water|River water|RiverBed|RiverBedDepth|CaveLiquid|DungeonNode|DungeonAlt|DungeonStair|Y-min|Y-max|Temperature|Humidity|MaxPos|MinPos|VerticalBlend|#Name|Dust|NodeTop|NodeTopDepth|Filler|FillerDepth|Stone|WaterTop|WaterTopDepth|Water|River water|RiverBed|RiverBedDepth|CaveLiquid|DungeonNode|DungeonAlt|DungeonStair|Y-min|Y-max|Temperature|Humidity|MaxPos|MinPos|VerticalBlend
#TEMPERATE|||||||||||||||||||||||||||||||||||||||||||||||||||||||||||||||||||||||||||||||||||||||||||||||||||||||||||||||||||||||||||||||||||||||||||||||||||||||||||||||||||||||||||||||||||||||||||||||||||||||||||||||||||||||||||||||||||||||||||||||
temperate_humid_ocean||lib_materials:sand|4|lib_materials:sand|4|lib_materials:stone_sandstone|||||||||||ocean_depth|beach_depth|temperate|humid|||||||||||||||||||||||||||||||||||||||||||||||||||||||||||||||||||||||||||||||||||||||||||||||||||||||||||||||||||||||||||||||||||||||||||||||||||||||||||||||||||||||||||||||||||||||||||||||||||||||||||||||||||||||||||
temperate_humid_beach||lib_materials:sand_beach|2|lib_materials:sand|4|lib_materials:stone_sandstone|||||||||||beach_depth|beach|temperate|humid|||||||||||||||||||||||||||||||||||||||||||||||||||||||||||||||||||||||||||||||||||||||||||||||||||||||||||||||||||||||||||||||||||||||||||||||||||||||||||||||||||||||||||||||||||||||||||||||||||||||||||||||||||||||||||
temperate_humid_coastal||lib_materials:dirt_with_grass_temperate_humid_coastal|1|lib_materials:dirt_silt_02|4|lib_materials:stone|||||||||||beach|coastal|temperate|humid|||||||||||||||||||||||||||||||||||||||||||||||||||||||||||||||||||||||||||||||||||||||||||||||||||||||||||||||||||||||||||||||||||||||||||||||||||||||||||||||||||||||||||||||||||||||||||||||||||||||||||||||||||||||||||
temperate_humid_lowland||lib_materials:dirt_with_grass_temperate_humid_lowland|1|lib_materials:dirt_silty|3|lib_materials:stone|||||||||||coastal|lowland|temperate|humid|||||||||||||||||||||||||||||||||||||||||||||||||||||||||||||||||||||||||||||||||||||||||||||||||||||||||||||||||||||||||||||||||||||||||||||||||||||||||||||||||||||||||||||||||||||||||||||||||||||||||||||||||||||||||||
temperate_humid_shelf||lib_materials:dirt_with_grass_temperate_humid_shelf|1|lib_materials:dirt_dark|2|lib_materials:stone|||||||||||lowland|shelf|temperate|humid|||||||||||||||||||||||||||||||||||||||||||||||||||||||||||||||||||||||||||||||||||||||||||||||||||||||||||||||||||||||||||||||||||||||||||||||||||||||||||||||||||||||||||||||||||||||||||||||||||||||||||||||||||||||||||
temperate_humid_highland||lib_materials:dirt_with_grass_temperate_humid_highland|1|lib_materials:dirt|1|lib_materials:stone|||||||||||shelf|highland|temperate|humid|||||||||||||||||||||||||||||||||||||||||||||||||||||||||||||||||||||||||||||||||||||||||||||||||||||||||||||||||||||||||||||||||||||||||||||||||||||||||||||||||||||||||||||||||||||||||||||||||||||||||||||||||||||||||||
temperate_humid_mountain||lib_materials:stone_bluestone|4|lib_materials:stone_diorite|6|lib_materials:stone|||||||||||highland|mountain|temperate|humid|||||||||||||||||||||||||||||||||||||||||||||||||||||||||||||||||||||||||||||||||||||||||||||||||||||||||||||||||||||||||||||||||||||||||||||||||||||||||||||||||||||||||||||||||||||||||||||||||||||||||||||||||||||||||||
temperate_humid_strato|lib_materials:ice|lib_materials:stone_greenstone|3|lib_materials:stone_bluestone|5|lib_materials:stone_diorite|||||||||||mountain|strato|temperate|humid|||||||||||||||||||||||||||||||||||||||||||||||||||||||||||||||||||||||||||||||||||||||||||||||||||||||||||||||||||||||||||||||||||||||||||||||||||||||||||||||||||||||||||||||||||||||||||||||||||||||||||||||||||||||||||
#temperate_humid_strato|lib_materials:ice|air|40|air|40|lib_materials:liquid_lava_source|||||||||||mountain|strato|temperate|humid|||||||||||||||||||||||||||||||||||||||||||||||||||||||||||||||||||||||||||||||||||||||||||||||||||||||||||||||||||||||||||||||||||||||||||||||||||||||||||||||||||||||||||||||||||||||||||||||||||||||||||||||||||||||||||
temperate_semihumid_ocean||lib_materials:sand|2|lib_materials:sand|4|lib_materials:stone_diorite|||||||||||ocean_depth|beach_depth|temperate|semihumid|||||||||||||||||||||||||||||||||||||||||||||||||||||||||||||||||||||||||||||||||||||||||||||||||||||||||||||||||||||||||||||||||||||||||||||||||||||||||||||||||||||||||||||||||||||||||||||||||||||||||||||||||||||||||||
temperate_semihumid_beach||lib_materials:sand_beach|1|lib_materials:sand|4|lib_materials:stone_diorite|||||||||||beach_depth|beach|temperate|semihumid|||||||||||||||||||||||||||||||||||||||||||||||||||||||||||||||||||||||||||||||||||||||||||||||||||||||||||||||||||||||||||||||||||||||||||||||||||||||||||||||||||||||||||||||||||||||||||||||||||||||||||||||||||||||||||
temperate_semihumid_coastal||lib_materials:dirt_with_grass_temperate_semihumid_coastal|1|lib_materials:dirt_silty|4|lib_materials:stone_diorite|||||||||||beach|coastal|temperate|semihumid|||||||||||||||||||||||||||||||||||||||||||||||||||||||||||||||||||||||||||||||||||||||||||||||||||||||||||||||||||||||||||||||||||||||||||||||||||||||||||||||||||||||||||||||||||||||||||||||||||||||||||||||||||||||||||
temperate_semihumid_lowland||lib_materials:dirt_with_grass_temperate_semihumid_lowland|1|lib_materials:dirt_dark|3|lib_materials:stone_diorite|||||||||||coastal|lowland|temperate|semihumid|||||||||||||||||||||||||||||||||||||||||||||||||||||||||||||||||||||||||||||||||||||||||||||||||||||||||||||||||||||||||||||||||||||||||||||||||||||||||||||||||||||||||||||||||||||||||||||||||||||||||||||||||||||||||||
temperate_semihumid_shelf||lib_materials:dirt_with_grass_temperate_semihumid_shelf|1|lib_materials:dirt|2|lib_materials:stone_diorite|||||||||||lowland|shelf|temperate|semihumid|||||||||||||||||||||||||||||||||||||||||||||||||||||||||||||||||||||||||||||||||||||||||||||||||||||||||||||||||||||||||||||||||||||||||||||||||||||||||||||||||||||||||||||||||||||||||||||||||||||||||||||||||||||||||||
temperate_semihumid_highland||lib_materials:dirt_with_grass_temperate_semihumid_highland|1|lib_materials:dirt_clay_red|1|lib_materials:stone_diorite|||||||||||shelf|highland|temperate|semihumid|||||||||||||||||||||||||||||||||||||||||||||||||||||||||||||||||||||||||||||||||||||||||||||||||||||||||||||||||||||||||||||||||||||||||||||||||||||||||||||||||||||||||||||||||||||||||||||||||||||||||||||||||||||||||||
temperate_semihumid_mountain||lib_materials:stone_greenstone|4|lib_materials:stone_bluestone|6|lib_materials:stone_diorite|||||||||||highland|mountain|temperate|semihumid|||||||||||||||||||||||||||||||||||||||||||||||||||||||||||||||||||||||||||||||||||||||||||||||||||||||||||||||||||||||||||||||||||||||||||||||||||||||||||||||||||||||||||||||||||||||||||||||||||||||||||||||||||||||||||
temperate_semihumid_strato|lib_materials:snow|lib_materials:stone_granite_pink|3|lib_materials:stone_greenstone|5|lib_materials:stone_bluestone|||||||||||mountain|strato|temperate|semihumid|||||||||||||||||||||||||||||||||||||||||||||||||||||||||||||||||||||||||||||||||||||||||||||||||||||||||||||||||||||||||||||||||||||||||||||||||||||||||||||||||||||||||||||||||||||||||||||||||||||||||||||||||||||||||||
temperate_temperate_ocean||lib_materials:sand|2|lib_materials:sand|4|lib_materials:stone_bluestone|||||||||||ocean_depth|beach_depth|temperate|temperate|||||||||||||||||||||||||||||||||||||||||||||||||||||||||||||||||||||||||||||||||||||||||||||||||||||||||||||||||||||||||||||||||||||||||||||||||||||||||||||||||||||||||||||||||||||||||||||||||||||||||||||||||||||||||||
temperate_temperate_beach||lib_materials:sand_beach|1|lib_materials:sand|4|lib_materials:stone_bluestone|||||||||||beach_depth|beach|temperate|temperate|||||||||||||||||||||||||||||||||||||||||||||||||||||||||||||||||||||||||||||||||||||||||||||||||||||||||||||||||||||||||||||||||||||||||||||||||||||||||||||||||||||||||||||||||||||||||||||||||||||||||||||||||||||||||||
temperate_temperate_coastal||lib_materials:dirt_with_grass_temperate_temperate_coastal|1|lib_materials:dirt_dark|4|lib_materials:stone_bluestone|||||||||||beach|coastal|temperate|temperate|||||||||||||||||||||||||||||||||||||||||||||||||||||||||||||||||||||||||||||||||||||||||||||||||||||||||||||||||||||||||||||||||||||||||||||||||||||||||||||||||||||||||||||||||||||||||||||||||||||||||||||||||||||||||||
temperate_temperate_lowland||lib_materials:dirt_with_grass_temperate_temperate_lowland|1|lib_materials:dirt|3|lib_materials:stone_bluestone|||||||||||coastal|lowland|temperate|temperate|||||||||||||||||||||||||||||||||||||||||||||||||||||||||||||||||||||||||||||||||||||||||||||||||||||||||||||||||||||||||||||||||||||||||||||||||||||||||||||||||||||||||||||||||||||||||||||||||||||||||||||||||||||||||||
temperate_temperate_shelf||lib_materials:dirt_with_grass_temperate_temperate_shelf|1|lib_materials:dirt_coarse|2|lib_materials:stone_bluestone|||||||||||lowland|shelf|temperate|temperate|||||||||||||||||||||||||||||||||||||||||||||||||||||||||||||||||||||||||||||||||||||||||||||||||||||||||||||||||||||||||||||||||||||||||||||||||||||||||||||||||||||||||||||||||||||||||||||||||||||||||||||||||||||||||||
temperate_temperate_highland||lib_materials:dirt_with_grass_temperate_temperate_highland|1|lib_materials:dirt_clay_red|1|lib_materials:stone_bluestone|||||||||||shelf|highland|temperate|temperate|||||||||||||||||||||||||||||||||||||||||||||||||||||||||||||||||||||||||||||||||||||||||||||||||||||||||||||||||||||||||||||||||||||||||||||||||||||||||||||||||||||||||||||||||||||||||||||||||||||||||||||||||||||||||||
temperate_temperate_mountain||lib_materials:stone_granite_pink|4|lib_materials:stone_greenstone|6|lib_materials:stone_bluestone|||||||||||highland|mountain|temperate|temperate|||||||||||||||||||||||||||||||||||||||||||||||||||||||||||||||||||||||||||||||||||||||||||||||||||||||||||||||||||||||||||||||||||||||||||||||||||||||||||||||||||||||||||||||||||||||||||||||||||||||||||||||||||||||||||
temperate_temperate_strato||lib_materials:stone_desert|3|lib_materials:stone_granite_pink|5|lib_materials:stone_greenstone|||||||||||mountain|strato|temperate|temperate|||||||||||||||||||||||||||||||||||||||||||||||||||||||||||||||||||||||||||||||||||||||||||||||||||||||||||||||||||||||||||||||||||||||||||||||||||||||||||||||||||||||||||||||||||||||||||||||||||||||||||||||||||||||||||
temperate_semiarid_ocean||lib_materials:sand|2|lib_materials:sand|4|lib_materials:stone_greenstone|||||||||||ocean_depth|beach_depth|temperate|semiarid|||||||||||||||||||||||||||||||||||||||||||||||||||||||||||||||||||||||||||||||||||||||||||||||||||||||||||||||||||||||||||||||||||||||||||||||||||||||||||||||||||||||||||||||||||||||||||||||||||||||||||||||||||||||||||
temperate_semiarid_beach||lib_materials:sand_beach|1|lib_materials:sand|4|lib_materials:stone_greenstone|||||||||||beach_depth|beach|temperate|semiarid|||||||||||||||||||||||||||||||||||||||||||||||||||||||||||||||||||||||||||||||||||||||||||||||||||||||||||||||||||||||||||||||||||||||||||||||||||||||||||||||||||||||||||||||||||||||||||||||||||||||||||||||||||||||||||
temperate_semiarid_coastal||lib_materials:dirt_with_grass_temperate_semiarid_coastal|1|lib_materials:dirt|4|lib_materials:stone_greenstone|||||||||||beach|coastal|temperate|semiarid|||||||||||||||||||||||||||||||||||||||||||||||||||||||||||||||||||||||||||||||||||||||||||||||||||||||||||||||||||||||||||||||||||||||||||||||||||||||||||||||||||||||||||||||||||||||||||||||||||||||||||||||||||||||||||
temperate_semiarid_lowland||lib_materials:dirt_with_grass_temperate_semiarid_lowland|1|lib_materials:dirt_coarse|3|lib_materials:stone_greenstone|||||||||||coastal|lowland|temperate|semiarid|||||||||||||||||||||||||||||||||||||||||||||||||||||||||||||||||||||||||||||||||||||||||||||||||||||||||||||||||||||||||||||||||||||||||||||||||||||||||||||||||||||||||||||||||||||||||||||||||||||||||||||||||||||||||||
temperate_semiarid_shelf||lib_materials:dirt_with_grass_temperate_semiarid_shelf|1|lib_materials:dirt_clay_red|2|lib_materials:stone_greenstone|||||||||||lowland|shelf|temperate|semiarid|||||||||||||||||||||||||||||||||||||||||||||||||||||||||||||||||||||||||||||||||||||||||||||||||||||||||||||||||||||||||||||||||||||||||||||||||||||||||||||||||||||||||||||||||||||||||||||||||||||||||||||||||||||||||||
temperate_semiarid_highland||lib_materials:dirt_with_grass_temperate_semiarid_highland|1|lib_materials:dirt_clayey|1|lib_materials:stone_greenstone|||||||||||shelf|highland|temperate|semiarid|||||||||||||||||||||||||||||||||||||||||||||||||||||||||||||||||||||||||||||||||||||||||||||||||||||||||||||||||||||||||||||||||||||||||||||||||||||||||||||||||||||||||||||||||||||||||||||||||||||||||||||||||||||||||||
temperate_semiarid_mountain||lib_materials:stone_desert|4|lib_materials:stone_granite_pink|6|lib_materials:stone_greenstone|||||||||||highland|mountain|temperate|semiarid|||||||||||||||||||||||||||||||||||||||||||||||||||||||||||||||||||||||||||||||||||||||||||||||||||||||||||||||||||||||||||||||||||||||||||||||||||||||||||||||||||||||||||||||||||||||||||||||||||||||||||||||||||||||||||
temperate_semiarid_strato||lib_materials:stone_sandstone_desert|3|lib_materials:stone_desert|5|lib_materials:stone_granite_pink|||||||||||mountain|strato|temperate|semiarid|||||||||||||||||||||||||||||||||||||||||||||||||||||||||||||||||||||||||||||||||||||||||||||||||||||||||||||||||||||||||||||||||||||||||||||||||||||||||||||||||||||||||||||||||||||||||||||||||||||||||||||||||||||||||||
temperate_arid_ocean||lib_materials:sand|4|lib_materials:sand|4|lib_materials:stone_granite_pink|||||||||||ocean_depth|beach_depth|temperate|arid|||||||||||||||||||||||||||||||||||||||||||||||||||||||||||||||||||||||||||||||||||||||||||||||||||||||||||||||||||||||||||||||||||||||||||||||||||||||||||||||||||||||||||||||||||||||||||||||||||||||||||||||||||||||||||
temperate_arid_beach||lib_materials:stone_sandstone_desert_gravel|2|lib_materials:sand|4|lib_materials:stone_granite_pink|||||||||||beach_depth|beach|temperate|arid|||||||||||||||||||||||||||||||||||||||||||||||||||||||||||||||||||||||||||||||||||||||||||||||||||||||||||||||||||||||||||||||||||||||||||||||||||||||||||||||||||||||||||||||||||||||||||||||||||||||||||||||||||||||||||
temperate_arid_coastal||lib_materials:stone_sandstone_desert_gravel|3|lib_materials:stone_brown|4|lib_materials:stone_granite_pink|||||||||||beach|coastal|temperate|arid|||||||||||||||||||||||||||||||||||||||||||||||||||||||||||||||||||||||||||||||||||||||||||||||||||||||||||||||||||||||||||||||||||||||||||||||||||||||||||||||||||||||||||||||||||||||||||||||||||||||||||||||||||||||||||
temperate_arid_lowland||lib_materials:stone_sandstone_desert_gravel|2|lib_materials:stone_sand|3|lib_materials:stone_granite_pink|||||||||||coastal|lowland|temperate|arid|||||||||||||||||||||||||||||||||||||||||||||||||||||||||||||||||||||||||||||||||||||||||||||||||||||||||||||||||||||||||||||||||||||||||||||||||||||||||||||||||||||||||||||||||||||||||||||||||||||||||||||||||||||||||||
temperate_arid_shelf||lib_materials:stone_sandstone_desert_gravel|1|lib_materials:stone_desert|2|lib_materials:stone_granite_pink|||||||||||lowland|shelf|temperate|arid|||||||||||||||||||||||||||||||||||||||||||||||||||||||||||||||||||||||||||||||||||||||||||||||||||||||||||||||||||||||||||||||||||||||||||||||||||||||||||||||||||||||||||||||||||||||||||||||||||||||||||||||||||||||||||
temperate_arid_highland||lib_materials:stone_sandstone_desert_gravel|1|lib_materials:stone_sandstone_desert|1|lib_materials:stone_granite_pink|||||||||||shelf|highland|temperate|arid|||||||||||||||||||||||||||||||||||||||||||||||||||||||||||||||||||||||||||||||||||||||||||||||||||||||||||||||||||||||||||||||||||||||||||||||||||||||||||||||||||||||||||||||||||||||||||||||||||||||||||||||||||||||||||
temperate_arid_mountain||lib_materials:stone_sandstone_desert|4|lib_materials:stone_desert|6|lib_materials:stone_granite_pink|||||||||||highland|mountain|temperate|arid|||||||||||||||||||||||||||||||||||||||||||||||||||||||||||||||||||||||||||||||||||||||||||||||||||||||||||||||||||||||||||||||||||||||||||||||||||||||||||||||||||||||||||||||||||||||||||||||||||||||||||||||||||||||||||
temperate_arid_strato||lib_materials:stone_sandstone_desert_stone|3|lib_materials:stone_sandstone_desert|5|lib_materials:stone_desert|||||||||||mountain|strato|temperate|arid|||||||||||||||||||||||||||||||||||||||||||||||||||||||||||||||||||||||||||||||||||||||||||||||||||||||||||||||||||||||||||||||||||||||||||||||||||||||||||||||||||||||||||||||||||||||||||||||||||||||||||||||||||||||||||
#Name|Dust|NodeTop|NodeTopDepth|Filler|FillerDepth|Stone|WaterTop|WaterTopDepth|Water|River water|RiverBed|RiverBedDepth|CaveLiquid|DungeonNode|DungeonAlt|DungeonStair|Y-min|Y-max|Temperature|Humidity|MaxPos|MinPos|VerticalBlend|#Name|Dust|NodeTop|NodeTopDepth|Filler|FillerDepth|Stone|WaterTop|WaterTopDepth|Water|River water|RiverBed|RiverBedDepth|CaveLiquid|DungeonNode|DungeonAlt|DungeonStair|Y-min|Y-max|Temperature|Humidity|MaxPos|MinPos|VerticalBlend|#Name|Dust|NodeTop|NodeTopDepth|Filler|FillerDepth|Stone|WaterTop|WaterTopDepth|Water|River water|RiverBed|RiverBedDepth|CaveLiquid|DungeonNode|DungeonAlt|DungeonStair|Y-min|Y-max|Temperature|Humidity|MaxPos|MinPos|VerticalBlend|#Name|Dust|NodeTop|NodeTopDepth|Filler|FillerDepth|Stone|WaterTop|WaterTopDepth|Water|River water|RiverBed|RiverBedDepth|CaveLiquid|DungeonNode|DungeonAlt|DungeonStair|Y-min|Y-max|Temperature|Humidity|MaxPos|MinPos|VerticalBlend|#Name|Dust|NodeTop|NodeTopDepth|Filler|FillerDepth|Stone|WaterTop|WaterTopDepth|Water|River water|RiverBed|RiverBedDepth|CaveLiquid|DungeonNode|DungeonAlt|DungeonStair|Y-min|Y-max|Temperature|Humidity|MaxPos|MinPos|VerticalBlend|#Name|Dust|NodeTop|NodeTopDepth|Filler|FillerDepth|Stone|WaterTop|WaterTopDepth|Water|River water|RiverBed|RiverBedDepth|CaveLiquid|DungeonNode|DungeonAlt|DungeonStair|Y-min|Y-max|Temperature|Humidity|MaxPos|MinPos|VerticalBlend|#Name|Dust|NodeTop|NodeTopDepth|Filler|FillerDepth|Stone|WaterTop|WaterTopDepth|Water|River water|RiverBed|RiverBedDepth|CaveLiquid|DungeonNode|DungeonAlt|DungeonStair|Y-min|Y-max|Temperature|Humidity|MaxPos|MinPos|VerticalBlend|#Name|Dust|NodeTop|NodeTopDepth|Filler|FillerDepth|Stone|WaterTop|WaterTopDepth|Water|River water|RiverBed|RiverBedDepth|CaveLiquid|DungeonNode|DungeonAlt|DungeonStair|Y-min|Y-max|Temperature|Humidity|MaxPos|MinPos|VerticalBlend|#Name|Dust|NodeTop|NodeTopDepth|Filler|FillerDepth|Stone|WaterTop|WaterTopDepth|Water|River water|RiverBed|RiverBedDepth|CaveLiquid|DungeonNode|DungeonAlt|DungeonStair|Y-min|Y-max|Temperature|Humidity|MaxPos|MinPos|VerticalBlend|#Name|Dust|NodeTop|NodeTopDepth|Filler|FillerDepth|Stone|WaterTop|WaterTopDepth|Water|River water|RiverBed|RiverBedDepth|CaveLiquid|DungeonNode|DungeonAlt|DungeonStair|Y-min|Y-max|Temperature|Humidity|MaxPos|MinPos|VerticalBlend
#COOL|||||||||||||||||||||||||||||||||||||||||||||||||||||||||||||||||||||||||||||||||||||||||||||||||||||||||||||||||||||||||||||||||||||||||||||||||||||||||||||||||||||||||||||||||||||||||||||||||||||||||||||||||||||||||||||||||||||||||||||||
cool_humid_ocean||lib_materials:sand|2|lib_materials:sand|4|lib_materials:stone_sandstone|||||||||||ocean_depth|beach_depth|cool|humid|||||||||||||||||||||||||||||||||||||||||||||||||||||||||||||||||||||||||||||||||||||||||||||||||||||||||||||||||||||||||||||||||||||||||||||||||||||||||||||||||||||||||||||||||||||||||||||||||||||||||||||||||||||||||||
cool_humid_beach||lib_materials:sand_beach|1|lib_materials:sand|4|lib_materials:stone_basalt_01|||||||||||beach_depth|beach|cool|humid|||||||||||||||||||||||||||||||||||||||||||||||||||||||||||||||||||||||||||||||||||||||||||||||||||||||||||||||||||||||||||||||||||||||||||||||||||||||||||||||||||||||||||||||||||||||||||||||||||||||||||||||||||||||||||
cool_humid_coastal||lib_materials:dirt_with_litter_coniferous|1|lib_materials:dirt_silt_02|4|lib_materials:stone_basalt_01|||||||||||beach|coastal|cool|humid|||||||||||||||||||||||||||||||||||||||||||||||||||||||||||||||||||||||||||||||||||||||||||||||||||||||||||||||||||||||||||||||||||||||||||||||||||||||||||||||||||||||||||||||||||||||||||||||||||||||||||||||||||||||||||
cool_humid_lowland||lib_materials:dirt_with_litter_coniferous|1|lib_materials:dirt_silty|3|lib_materials:stone_basalt_01|||||||||||coastal|lowland|cool|humid|||||||||||||||||||||||||||||||||||||||||||||||||||||||||||||||||||||||||||||||||||||||||||||||||||||||||||||||||||||||||||||||||||||||||||||||||||||||||||||||||||||||||||||||||||||||||||||||||||||||||||||||||||||||||||
cool_humid_shelf||lib_materials:dirt_with_litter_coniferous|1|lib_materials:dirt_dark|2|lib_materials:stone_basalt_01|||||||||||lowland|shelf|cool|humid|||||||||||||||||||||||||||||||||||||||||||||||||||||||||||||||||||||||||||||||||||||||||||||||||||||||||||||||||||||||||||||||||||||||||||||||||||||||||||||||||||||||||||||||||||||||||||||||||||||||||||||||||||||||||||
cool_humid_highland||lib_materials:dirt_with_litter_coniferous|1|lib_materials:dirt|1|lib_materials:stone_basalt_01|||||||||||shelf|highland|cool|humid|||||||||||||||||||||||||||||||||||||||||||||||||||||||||||||||||||||||||||||||||||||||||||||||||||||||||||||||||||||||||||||||||||||||||||||||||||||||||||||||||||||||||||||||||||||||||||||||||||||||||||||||||||||||||||
cool_humid_mountain|lib_materials:snow|lib_materials:stone_sand|4|lib_materials:stone_brown|6|lib_materials:stone_basalt_01|||||||||||highland|mountain|cool|humid|||||||||||||||||||||||||||||||||||||||||||||||||||||||||||||||||||||||||||||||||||||||||||||||||||||||||||||||||||||||||||||||||||||||||||||||||||||||||||||||||||||||||||||||||||||||||||||||||||||||||||||||||||||||||||
cool_humid_strato|lib_materials:ice|lib_materials:stone_granite_02|3|lib_materials:stone_sand|5|lib_materials:stone_brown|||||||||||mountain|strato|cool|humid|||||||||||||||||||||||||||||||||||||||||||||||||||||||||||||||||||||||||||||||||||||||||||||||||||||||||||||||||||||||||||||||||||||||||||||||||||||||||||||||||||||||||||||||||||||||||||||||||||||||||||||||||||||||||||
cool_semihumid_ocean||lib_materials:sand|2|lib_materials:sand|4|lib_materials:stone_sandstone|||||||||||ocean_depth|beach_depth|cool|semihumid|||||||||||||||||||||||||||||||||||||||||||||||||||||||||||||||||||||||||||||||||||||||||||||||||||||||||||||||||||||||||||||||||||||||||||||||||||||||||||||||||||||||||||||||||||||||||||||||||||||||||||||||||||||||||||
cool_semihumid_beach||lib_materials:sand_beach|1|lib_materials:sand|4|lib_materials:stone_basalt_01|||||||||||beach_depth|beach|cool|semihumid|||||||||||||||||||||||||||||||||||||||||||||||||||||||||||||||||||||||||||||||||||||||||||||||||||||||||||||||||||||||||||||||||||||||||||||||||||||||||||||||||||||||||||||||||||||||||||||||||||||||||||||||||||||||||||
cool_semihumid_coastal||lib_materials:dirt_with_grass_cool_semihumid_coastal|1|lib_materials:dirt_silty|4|lib_materials:stone_basalt_01|||||||||||beach|coastal|cool|semihumid|||||||||||||||||||||||||||||||||||||||||||||||||||||||||||||||||||||||||||||||||||||||||||||||||||||||||||||||||||||||||||||||||||||||||||||||||||||||||||||||||||||||||||||||||||||||||||||||||||||||||||||||||||||||||||
cool_semihumid_lowland||lib_materials:dirt_with_grass_cool_semihumid_lowland|1|lib_materials:dirt_dark|3|lib_materials:stone_basalt_01|||||||||||coastal|lowland|cool|semihumid|||||||||||||||||||||||||||||||||||||||||||||||||||||||||||||||||||||||||||||||||||||||||||||||||||||||||||||||||||||||||||||||||||||||||||||||||||||||||||||||||||||||||||||||||||||||||||||||||||||||||||||||||||||||||||
cool_semihumid_shelf||lib_materials:dirt_with_grass_cool_semihumid_shelf|1|lib_materials:dirt|2|lib_materials:stone_basalt_01|||||||||||lowland|shelf|cool|semihumid|||||||||||||||||||||||||||||||||||||||||||||||||||||||||||||||||||||||||||||||||||||||||||||||||||||||||||||||||||||||||||||||||||||||||||||||||||||||||||||||||||||||||||||||||||||||||||||||||||||||||||||||||||||||||||
cool_semihumid_highland||lib_materials:dirt_with_grass_cool_semihumid_highland|1|lib_materials:dirt_clay_red|1|lib_materials:stone_basalt_01|||||||||||shelf|highland|cool|semihumid|||||||||||||||||||||||||||||||||||||||||||||||||||||||||||||||||||||||||||||||||||||||||||||||||||||||||||||||||||||||||||||||||||||||||||||||||||||||||||||||||||||||||||||||||||||||||||||||||||||||||||||||||||||||||||
cool_semihumid_mountain||lib_materials:stone_sand|4|lib_materials:stone_brown|6|lib_materials:stone_basalt_01|||||||||||highland|mountain|cool|semihumid|||||||||||||||||||||||||||||||||||||||||||||||||||||||||||||||||||||||||||||||||||||||||||||||||||||||||||||||||||||||||||||||||||||||||||||||||||||||||||||||||||||||||||||||||||||||||||||||||||||||||||||||||||||||||||
cool_semihumid_strato|lib_materials:snow|lib_materials:stone_gneiss_02|3|lib_materials:stone_granite_02|5|lib_materials:stone_brown|||||||||||mountain|strato|cool|semihumid|||||||||||||||||||||||||||||||||||||||||||||||||||||||||||||||||||||||||||||||||||||||||||||||||||||||||||||||||||||||||||||||||||||||||||||||||||||||||||||||||||||||||||||||||||||||||||||||||||||||||||||||||||||||||||
cool_temperate_ocean||lib_materials:sand|2|lib_materials:sand|4|lib_materials:stone_sandstone|||||||||||ocean_depth|beach_depth|cool|temperate|||||||||||||||||||||||||||||||||||||||||||||||||||||||||||||||||||||||||||||||||||||||||||||||||||||||||||||||||||||||||||||||||||||||||||||||||||||||||||||||||||||||||||||||||||||||||||||||||||||||||||||||||||||||||||
cool_temperate_beach||lib_materials:sand_beach|1|lib_materials:sand|4|lib_materials:stone_sandstone|||||||||||beach_depth|beach|cool|temperate|||||||||||||||||||||||||||||||||||||||||||||||||||||||||||||||||||||||||||||||||||||||||||||||||||||||||||||||||||||||||||||||||||||||||||||||||||||||||||||||||||||||||||||||||||||||||||||||||||||||||||||||||||||||||||
cool_temperate_coastal||lib_materials:dirt_with_grass_cool_temperate_coastal|1|lib_materials:dirt_dark|4|lib_materials:stone_limestone_01|||||||||||beach|coastal|cool|temperate|||||||||||||||||||||||||||||||||||||||||||||||||||||||||||||||||||||||||||||||||||||||||||||||||||||||||||||||||||||||||||||||||||||||||||||||||||||||||||||||||||||||||||||||||||||||||||||||||||||||||||||||||||||||||||
cool_temperate_lowland||lib_materials:dirt_with_grass_cool_temperate_lowland|1|lib_materials:dirt|3|lib_materials:stone_limestone_01|||||||||||coastal|lowland|cool|temperate|||||||||||||||||||||||||||||||||||||||||||||||||||||||||||||||||||||||||||||||||||||||||||||||||||||||||||||||||||||||||||||||||||||||||||||||||||||||||||||||||||||||||||||||||||||||||||||||||||||||||||||||||||||||||||
cool_temperate_shelf||lib_materials:dirt_with_grass_cool_temperate_shelf|1|lib_materials:dirt_coarse|2|lib_materials:stone_limestone_01|||||||||||lowland|shelf|cool|temperate|||||||||||||||||||||||||||||||||||||||||||||||||||||||||||||||||||||||||||||||||||||||||||||||||||||||||||||||||||||||||||||||||||||||||||||||||||||||||||||||||||||||||||||||||||||||||||||||||||||||||||||||||||||||||||
cool_temperate_highland||lib_materials:dirt_with_grass_cool_temperate_highland|1|lib_materials:dirt_clay_red|1|lib_materials:stone_limestone_01|||||||||||shelf|highland|cool|temperate|||||||||||||||||||||||||||||||||||||||||||||||||||||||||||||||||||||||||||||||||||||||||||||||||||||||||||||||||||||||||||||||||||||||||||||||||||||||||||||||||||||||||||||||||||||||||||||||||||||||||||||||||||||||||||
cool_temperate_mountain||lib_materials:stone_sand|4|lib_materials:stone_brown|6|lib_materials:stone_basalt_01|||||||||||highland|mountain|cool|temperate|||||||||||||||||||||||||||||||||||||||||||||||||||||||||||||||||||||||||||||||||||||||||||||||||||||||||||||||||||||||||||||||||||||||||||||||||||||||||||||||||||||||||||||||||||||||||||||||||||||||||||||||||||||||||||
cool_temperate_strato|lib_materials:ice|lib_materials:stone_gneiss_02|3|lib_materials:stone_granite_02|5|lib_materials:stone_brown|||||||||||mountain|strato|cool|temperate|||||||||||||||||||||||||||||||||||||||||||||||||||||||||||||||||||||||||||||||||||||||||||||||||||||||||||||||||||||||||||||||||||||||||||||||||||||||||||||||||||||||||||||||||||||||||||||||||||||||||||||||||||||||||||
cool_semiarid_ocean||lib_materials:sand|2|lib_materials:sand|4|lib_materials:stone_sandstone|||||||||||ocean_depth|beach_depth|cool|semiarid|||||||||||||||||||||||||||||||||||||||||||||||||||||||||||||||||||||||||||||||||||||||||||||||||||||||||||||||||||||||||||||||||||||||||||||||||||||||||||||||||||||||||||||||||||||||||||||||||||||||||||||||||||||||||||
cool_semiarid_beach||lib_materials:sand_beach|1|lib_materials:sand|4|lib_materials:stone_sandstone|||||||||||beach_depth|beach|cool|semiarid|||||||||||||||||||||||||||||||||||||||||||||||||||||||||||||||||||||||||||||||||||||||||||||||||||||||||||||||||||||||||||||||||||||||||||||||||||||||||||||||||||||||||||||||||||||||||||||||||||||||||||||||||||||||||||
cool_semiarid_coastal||lib_materials:dirt_with_grass_cool_semiarid_coastal|1|lib_materials:dirt_sandy|4|lib_materials:stone_sandstone|||||||||||beach|coastal|cool|semiarid|||||||||||||||||||||||||||||||||||||||||||||||||||||||||||||||||||||||||||||||||||||||||||||||||||||||||||||||||||||||||||||||||||||||||||||||||||||||||||||||||||||||||||||||||||||||||||||||||||||||||||||||||||||||||||
cool_semiarid_lowland||lib_materials:dirt_with_grass_cool_semiarid_lowland|1|lib_materials:dirt_coarse|3|lib_materials:stone_sandstone|||||||||||coastal|lowland|cool|semiarid|||||||||||||||||||||||||||||||||||||||||||||||||||||||||||||||||||||||||||||||||||||||||||||||||||||||||||||||||||||||||||||||||||||||||||||||||||||||||||||||||||||||||||||||||||||||||||||||||||||||||||||||||||||||||||
cool_semiarid_shelf||lib_materials:dirt_with_grass_cool_semiarid_shelf|1|lib_materials:dirt_clay_red|2|lib_materials:stone_sandstone|||||||||||lowland|shelf|cool|semiarid|||||||||||||||||||||||||||||||||||||||||||||||||||||||||||||||||||||||||||||||||||||||||||||||||||||||||||||||||||||||||||||||||||||||||||||||||||||||||||||||||||||||||||||||||||||||||||||||||||||||||||||||||||||||||||
cool_semiarid_highland||lib_materials:dirt_with_grass_cool_semiarid_highland|1|lib_materials:dirt_clayey|1|lib_materials:stone_sandstone|||||||||||shelf|highland|cool|semiarid|||||||||||||||||||||||||||||||||||||||||||||||||||||||||||||||||||||||||||||||||||||||||||||||||||||||||||||||||||||||||||||||||||||||||||||||||||||||||||||||||||||||||||||||||||||||||||||||||||||||||||||||||||||||||||
cool_semiarid_mountain||lib_materials:stone_granite_01|4|lib_materials:stone_brown|6|lib_materials:stone_basalt_01|||||||||||highland|mountain|cool|semiarid|||||||||||||||||||||||||||||||||||||||||||||||||||||||||||||||||||||||||||||||||||||||||||||||||||||||||||||||||||||||||||||||||||||||||||||||||||||||||||||||||||||||||||||||||||||||||||||||||||||||||||||||||||||||||||
cool_semiarid_strato||lib_materials:stone_gneiss_02|3|lib_materials:stone_granite_02|5|lib_materials:stone_basalt_01|||||||||||mountain|strato|cool|semiarid|||||||||||||||||||||||||||||||||||||||||||||||||||||||||||||||||||||||||||||||||||||||||||||||||||||||||||||||||||||||||||||||||||||||||||||||||||||||||||||||||||||||||||||||||||||||||||||||||||||||||||||||||||||||||||
cool_arid_ocean||lib_materials:sand|4|lib_materials:sand|4|lib_materials:stone_sandstone|||||||||||ocean_depth|beach_depth|cool|arid|||||||||||||||||||||||||||||||||||||||||||||||||||||||||||||||||||||||||||||||||||||||||||||||||||||||||||||||||||||||||||||||||||||||||||||||||||||||||||||||||||||||||||||||||||||||||||||||||||||||||||||||||||||||||||
cool_arid_beach||lib_materials:sand_silver|2|lib_materials:sand_silver|4|lib_materials:stone_sandstone_silver|||||||||||beach_depth|beach|cool|arid|||||||||||||||||||||||||||||||||||||||||||||||||||||||||||||||||||||||||||||||||||||||||||||||||||||||||||||||||||||||||||||||||||||||||||||||||||||||||||||||||||||||||||||||||||||||||||||||||||||||||||||||||||||||||||
cool_arid_coastal||lib_materials:stone_gravel|3|lib_materials:stone_granite_01|4|lib_materials:stone_basalt_01|||||||||||beach|coastal|cool|arid|||||||||||||||||||||||||||||||||||||||||||||||||||||||||||||||||||||||||||||||||||||||||||||||||||||||||||||||||||||||||||||||||||||||||||||||||||||||||||||||||||||||||||||||||||||||||||||||||||||||||||||||||||||||||||
cool_arid_lowland||lib_materials:stone_gravel|2|lib_materials:stone_gabbro|3|lib_materials:stone_granite_01|||||||||||coastal|lowland|cool|arid|||||||||||||||||||||||||||||||||||||||||||||||||||||||||||||||||||||||||||||||||||||||||||||||||||||||||||||||||||||||||||||||||||||||||||||||||||||||||||||||||||||||||||||||||||||||||||||||||||||||||||||||||||||||||||
cool_arid_shelf||lib_materials:stone_gravel|1|lib_materials:stone_granite_brown|2|lib_materials:stone_gabbro|||||||||||lowland|shelf|cool|arid|||||||||||||||||||||||||||||||||||||||||||||||||||||||||||||||||||||||||||||||||||||||||||||||||||||||||||||||||||||||||||||||||||||||||||||||||||||||||||||||||||||||||||||||||||||||||||||||||||||||||||||||||||||||||||
cool_arid_highland||lib_materials:stone_gravel|1|lib_materials:stone_andesite|1|lib_materials:stone_granite_brown|||||||||||shelf|highland|cool|arid|||||||||||||||||||||||||||||||||||||||||||||||||||||||||||||||||||||||||||||||||||||||||||||||||||||||||||||||||||||||||||||||||||||||||||||||||||||||||||||||||||||||||||||||||||||||||||||||||||||||||||||||||||||||||||
cool_arid_mountain||lib_materials:stone_andesite|4|lib_materials:stone_granite_brown|6|lib_materials:stone_gabbro|||||||||||highland|mountain|cool|arid|||||||||||||||||||||||||||||||||||||||||||||||||||||||||||||||||||||||||||||||||||||||||||||||||||||||||||||||||||||||||||||||||||||||||||||||||||||||||||||||||||||||||||||||||||||||||||||||||||||||||||||||||||||||||||
cool_arid_strato||lib_materials:stone_gneiss_02|3|lib_materials:stone_granite_02|5|lib_materials:stone_andesite|||||||||||mountain|strato|cool|arid|||||||||||||||||||||||||||||||||||||||||||||||||||||||||||||||||||||||||||||||||||||||||||||||||||||||||||||||||||||||||||||||||||||||||||||||||||||||||||||||||||||||||||||||||||||||||||||||||||||||||||||||||||||||||||
#Name|Dust|NodeTop|NodeTopDepth|Filler|FillerDepth|Stone|WaterTop|WaterTopDepth|Water|River water|RiverBed|RiverBedDepth|CaveLiquid|DungeonNode|DungeonAlt|DungeonStair|Y-min|Y-max|Temperature|Humidity|MaxPos|MinPos|VerticalBlend|#Name|Dust|NodeTop|NodeTopDepth|Filler|FillerDepth|Stone|WaterTop|WaterTopDepth|Water|River water|RiverBed|RiverBedDepth|CaveLiquid|DungeonNode|DungeonAlt|DungeonStair|Y-min|Y-max|Temperature|Humidity|MaxPos|MinPos|VerticalBlend|#Name|Dust|NodeTop|NodeTopDepth|Filler|FillerDepth|Stone|WaterTop|WaterTopDepth|Water|River water|RiverBed|RiverBedDepth|CaveLiquid|DungeonNode|DungeonAlt|DungeonStair|Y-min|Y-max|Temperature|Humidity|MaxPos|MinPos|VerticalBlend|#Name|Dust|NodeTop|NodeTopDepth|Filler|FillerDepth|Stone|WaterTop|WaterTopDepth|Water|River water|RiverBed|RiverBedDepth|CaveLiquid|DungeonNode|DungeonAlt|DungeonStair|Y-min|Y-max|Temperature|Humidity|MaxPos|MinPos|VerticalBlend|#Name|Dust|NodeTop|NodeTopDepth|Filler|FillerDepth|Stone|WaterTop|WaterTopDepth|Water|River water|RiverBed|RiverBedDepth|CaveLiquid|DungeonNode|DungeonAlt|DungeonStair|Y-min|Y-max|Temperature|Humidity|MaxPos|MinPos|VerticalBlend|#Name|Dust|NodeTop|NodeTopDepth|Filler|FillerDepth|Stone|WaterTop|WaterTopDepth|Water|River water|RiverBed|RiverBedDepth|CaveLiquid|DungeonNode|DungeonAlt|DungeonStair|Y-min|Y-max|Temperature|Humidity|MaxPos|MinPos|VerticalBlend|#Name|Dust|NodeTop|NodeTopDepth|Filler|FillerDepth|Stone|WaterTop|WaterTopDepth|Water|River water|RiverBed|RiverBedDepth|CaveLiquid|DungeonNode|DungeonAlt|DungeonStair|Y-min|Y-max|Temperature|Humidity|MaxPos|MinPos|VerticalBlend|#Name|Dust|NodeTop|NodeTopDepth|Filler|FillerDepth|Stone|WaterTop|WaterTopDepth|Water|River water|RiverBed|RiverBedDepth|CaveLiquid|DungeonNode|DungeonAlt|DungeonStair|Y-min|Y-max|Temperature|Humidity|MaxPos|MinPos|VerticalBlend|#Name|Dust|NodeTop|NodeTopDepth|Filler|FillerDepth|Stone|WaterTop|WaterTopDepth|Water|River water|RiverBed|RiverBedDepth|CaveLiquid|DungeonNode|DungeonAlt|DungeonStair|Y-min|Y-max|Temperature|Humidity|MaxPos|MinPos|VerticalBlend|#Name|Dust|NodeTop|NodeTopDepth|Filler|FillerDepth|Stone|WaterTop|WaterTopDepth|Water|River water|RiverBed|RiverBedDepth|CaveLiquid|DungeonNode|DungeonAlt|DungeonStair|Y-min|Y-max|Temperature|Humidity|MaxPos|MinPos|VerticalBlend
#COLD|||||||||||||||||||||||||||||||||||||||||||||||||||||||||||||||||||||||||||||||||||||||||||||||||||||||||||||||||||||||||||||||||||||||||||||||||||||||||||||||||||||||||||||||||||||||||||||||||||||||||||||||||||||||||||||||||||||||||||||||
cold_humid_ocean||lib_materials:sand_volcanic|2|lib_materials:stone_brown|4|lib_materials:stone_basalt_01|||||||||||ocean_depth|beach_depth|cold|humid|||||||||||||||||||||||||||||||||||||||||||||||||||||||||||||||||||||||||||||||||||||||||||||||||||||||||||||||||||||||||||||||||||||||||||||||||||||||||||||||||||||||||||||||||||||||||||||||||||||||||||||||||||||||||||
cold_humid_beach||lib_materials:dirt_with_snow|1|lib_materials:stone_brown|4|lib_materials:stone_basalt_01|||||||||||beach_depth|beach|cold|humid|||||||||||||||||||||||||||||||||||||||||||||||||||||||||||||||||||||||||||||||||||||||||||||||||||||||||||||||||||||||||||||||||||||||||||||||||||||||||||||||||||||||||||||||||||||||||||||||||||||||||||||||||||||||||||
cold_humid_coastal||lib_materials:dirt_with_snow|1|lib_materials:dirt|4|lib_materials:stone_basalt_01|||||||||||beach|coastal|cold|humid|||||||||||||||||||||||||||||||||||||||||||||||||||||||||||||||||||||||||||||||||||||||||||||||||||||||||||||||||||||||||||||||||||||||||||||||||||||||||||||||||||||||||||||||||||||||||||||||||||||||||||||||||||||||||||
cold_humid_lowland||lib_materials:dirt_with_snow|1|lib_materials:dirt|3|lib_materials:stone_basalt_01|||||||||||coastal|lowland|cold|humid|||||||||||||||||||||||||||||||||||||||||||||||||||||||||||||||||||||||||||||||||||||||||||||||||||||||||||||||||||||||||||||||||||||||||||||||||||||||||||||||||||||||||||||||||||||||||||||||||||||||||||||||||||||||||||
cold_humid_shelf||lib_materials:dirt_with_snow|1|lib_materials:dirt|2|lib_materials:stone_basalt_01|||||||||||lowland|shelf|cold|humid|||||||||||||||||||||||||||||||||||||||||||||||||||||||||||||||||||||||||||||||||||||||||||||||||||||||||||||||||||||||||||||||||||||||||||||||||||||||||||||||||||||||||||||||||||||||||||||||||||||||||||||||||||||||||||
cold_humid_highland||lib_materials:dirt_with_snow|1|lib_materials:dirt|1|lib_materials:stone_basalt_01|||||||||||shelf|highland|cold|humid|||||||||||||||||||||||||||||||||||||||||||||||||||||||||||||||||||||||||||||||||||||||||||||||||||||||||||||||||||||||||||||||||||||||||||||||||||||||||||||||||||||||||||||||||||||||||||||||||||||||||||||||||||||||||||
cold_humid_mountain|lib_materials:snow|lib_materials:ice|4|lib_materials:stone_brown|6|lib_materials:stone_basalt_01|||||||||||highland|mountain|cold|humid|||||||||||||||||||||||||||||||||||||||||||||||||||||||||||||||||||||||||||||||||||||||||||||||||||||||||||||||||||||||||||||||||||||||||||||||||||||||||||||||||||||||||||||||||||||||||||||||||||||||||||||||||||||||||||
cold_humid_strato|lib_materials:ice|lib_materials:ice|3|lib_materials:stone_granite_02|5|lib_materials:stone_brown|||||||||||mountain|strato|cold|humid|||||||||||||||||||||||||||||||||||||||||||||||||||||||||||||||||||||||||||||||||||||||||||||||||||||||||||||||||||||||||||||||||||||||||||||||||||||||||||||||||||||||||||||||||||||||||||||||||||||||||||||||||||||||||||
cold_semihumid_ocean||lib_materials:sand_volcanic|2|lib_materials:stone_brown|4|lib_materials:stone_basalt_01|||||||||||ocean_depth|beach_depth|cold|semihumid|||||||||||||||||||||||||||||||||||||||||||||||||||||||||||||||||||||||||||||||||||||||||||||||||||||||||||||||||||||||||||||||||||||||||||||||||||||||||||||||||||||||||||||||||||||||||||||||||||||||||||||||||||||||||||
cold_semihumid_beach||lib_materials:dirt_with_snow|1|lib_materials:stone_brown|4|lib_materials:stone_basalt_01|||||||||||beach_depth|beach|cold|semihumid|||||||||||||||||||||||||||||||||||||||||||||||||||||||||||||||||||||||||||||||||||||||||||||||||||||||||||||||||||||||||||||||||||||||||||||||||||||||||||||||||||||||||||||||||||||||||||||||||||||||||||||||||||||||||||
cold_semihumid_coastal||lib_materials:dirt_with_snow|1|lib_materials:dirt_permafrost|4|lib_materials:stone_basalt_01|||||||||||beach|coastal|cold|semihumid|||||||||||||||||||||||||||||||||||||||||||||||||||||||||||||||||||||||||||||||||||||||||||||||||||||||||||||||||||||||||||||||||||||||||||||||||||||||||||||||||||||||||||||||||||||||||||||||||||||||||||||||||||||||||||
cold_semihumid_lowland||lib_materials:dirt_with_snow|1|lib_materials:dirt_permafrost|3|lib_materials:stone_basalt_01|||||||||||coastal|lowland|cold|semihumid|||||||||||||||||||||||||||||||||||||||||||||||||||||||||||||||||||||||||||||||||||||||||||||||||||||||||||||||||||||||||||||||||||||||||||||||||||||||||||||||||||||||||||||||||||||||||||||||||||||||||||||||||||||||||||
cold_semihumid_shelf||lib_materials:dirt_with_snow|1|lib_materials:dirt_permafrost|2|lib_materials:stone_basalt_01|||||||||||lowland|shelf|cold|semihumid|||||||||||||||||||||||||||||||||||||||||||||||||||||||||||||||||||||||||||||||||||||||||||||||||||||||||||||||||||||||||||||||||||||||||||||||||||||||||||||||||||||||||||||||||||||||||||||||||||||||||||||||||||||||||||
cold_semihumid_highland||lib_materials:dirt_with_snow|1|lib_materials:dirt_permafrost|1|lib_materials:stone_basalt_01|||||||||||shelf|highland|cold|semihumid|||||||||||||||||||||||||||||||||||||||||||||||||||||||||||||||||||||||||||||||||||||||||||||||||||||||||||||||||||||||||||||||||||||||||||||||||||||||||||||||||||||||||||||||||||||||||||||||||||||||||||||||||||||||||||
cold_semihumid_mountain|lib_materials:snow|lib_materials:ice|4|lib_materials:stone_brown|6|lib_materials:stone_basalt_01|||||||||||highland|mountain|cold|semihumid|||||||||||||||||||||||||||||||||||||||||||||||||||||||||||||||||||||||||||||||||||||||||||||||||||||||||||||||||||||||||||||||||||||||||||||||||||||||||||||||||||||||||||||||||||||||||||||||||||||||||||||||||||||||||||
cold_semihumid_strato|lib_materials:ice|lib_materials:ice|3|lib_materials:stone_granite_02|5|lib_materials:stone_brown|||||||||||mountain|strato|cold|semihumid|||||||||||||||||||||||||||||||||||||||||||||||||||||||||||||||||||||||||||||||||||||||||||||||||||||||||||||||||||||||||||||||||||||||||||||||||||||||||||||||||||||||||||||||||||||||||||||||||||||||||||||||||||||||||||
cold_temperate_ocean||lib_materials:sand_silver|2|lib_materials:sand|4|lib_materials:stone_sandstone|lib_materials:ice||||||||||ocean_depth|beach_depth|cold|temperate|||||||||||||||||||||||||||||||||||||||||||||||||||||||||||||||||||||||||||||||||||||||||||||||||||||||||||||||||||||||||||||||||||||||||||||||||||||||||||||||||||||||||||||||||||||||||||||||||||||||||||||||||||||||||||
cold_temperate_beach||lib_materials:dirt_with_snow|1|lib_materials:sand_silver|4|lib_materials:stone_basalt_01|||||||||||beach_depth|beach|cold|temperate|||||||||||||||||||||||||||||||||||||||||||||||||||||||||||||||||||||||||||||||||||||||||||||||||||||||||||||||||||||||||||||||||||||||||||||||||||||||||||||||||||||||||||||||||||||||||||||||||||||||||||||||||||||||||||
cold_temperate_coastal||lib_materials:dirt_permafrost_with_snow|1|lib_materials:dirt_permafrost|4|lib_materials:stone_basalt_01|||||||||||beach|coastal|cold|temperate|||||||||||||||||||||||||||||||||||||||||||||||||||||||||||||||||||||||||||||||||||||||||||||||||||||||||||||||||||||||||||||||||||||||||||||||||||||||||||||||||||||||||||||||||||||||||||||||||||||||||||||||||||||||||||
cold_temperate_lowland||lib_materials:dirt_permafrost_with_snow|1|lib_materials:dirt_permafrost|3|lib_materials:stone_basalt_01|||||||||||coastal|lowland|cold|temperate|||||||||||||||||||||||||||||||||||||||||||||||||||||||||||||||||||||||||||||||||||||||||||||||||||||||||||||||||||||||||||||||||||||||||||||||||||||||||||||||||||||||||||||||||||||||||||||||||||||||||||||||||||||||||||
cold_temperate_shelf||lib_materials:dirt_permafrost_with_snow|1|lib_materials:dirt_permafrost|2|lib_materials:stone_basalt_01|||||||||||lowland|shelf|cold|temperate|||||||||||||||||||||||||||||||||||||||||||||||||||||||||||||||||||||||||||||||||||||||||||||||||||||||||||||||||||||||||||||||||||||||||||||||||||||||||||||||||||||||||||||||||||||||||||||||||||||||||||||||||||||||||||
cold_temperate_highland||lib_materials:dirt_permafrost_with_snow|1|lib_materials:dirt_permafrost|1|lib_materials:stone_basalt_01|||||||||||shelf|highland|cold|temperate|||||||||||||||||||||||||||||||||||||||||||||||||||||||||||||||||||||||||||||||||||||||||||||||||||||||||||||||||||||||||||||||||||||||||||||||||||||||||||||||||||||||||||||||||||||||||||||||||||||||||||||||||||||||||||
cold_temperate_mountain|lib_materials:snow|lib_materials:snow|4|lib_materials:ice|6|lib_materials:stone_basalt_01|||||||||||highland|mountain|cold|temperate|||||||||||||||||||||||||||||||||||||||||||||||||||||||||||||||||||||||||||||||||||||||||||||||||||||||||||||||||||||||||||||||||||||||||||||||||||||||||||||||||||||||||||||||||||||||||||||||||||||||||||||||||||||||||||
cold_temperate_strato|lib_materials:ice|lib_materials:ice|3|lib_materials:stone_granite_02|5|lib_materials:stone_basalt_01|||||||||||mountain|strato|cold|temperate|||||||||||||||||||||||||||||||||||||||||||||||||||||||||||||||||||||||||||||||||||||||||||||||||||||||||||||||||||||||||||||||||||||||||||||||||||||||||||||||||||||||||||||||||||||||||||||||||||||||||||||||||||||||||||
cold_semiarid_ocean||lib_materials:sand_silver|2|lib_materials:stone_sandstone_silver|4|lib_materials:stone_basalt_01|lib_materials:ice|8|||||||||ocean_depth|beach_depth|cold|semiarid|||||||||||||||||||||||||||||||||||||||||||||||||||||||||||||||||||||||||||||||||||||||||||||||||||||||||||||||||||||||||||||||||||||||||||||||||||||||||||||||||||||||||||||||||||||||||||||||||||||||||||||||||||||||||||
cold_semiarid_beach||lib_materials:dirt_permafrost_with_snow|1|lib_materials:stone_sandstone_silver|4|lib_materials:stone_basalt_01|||||||||||beach_depth|beach|cold|semiarid|||||||||||||||||||||||||||||||||||||||||||||||||||||||||||||||||||||||||||||||||||||||||||||||||||||||||||||||||||||||||||||||||||||||||||||||||||||||||||||||||||||||||||||||||||||||||||||||||||||||||||||||||||||||||||
cold_semiarid_coastal||lib_materials:dirt_permafrost|1|lib_materials:dirt_permafrost|4|lib_materials:stone_basalt_01|||||||||||beach|coastal|cold|semiarid|||||||||||||||||||||||||||||||||||||||||||||||||||||||||||||||||||||||||||||||||||||||||||||||||||||||||||||||||||||||||||||||||||||||||||||||||||||||||||||||||||||||||||||||||||||||||||||||||||||||||||||||||||||||||||
cold_semiarid_lowland||lib_materials:dirt_permafrost|1|lib_materials:dirt_permafrost|3|lib_materials:stone_basalt_01|||||||||||coastal|lowland|cold|semiarid|||||||||||||||||||||||||||||||||||||||||||||||||||||||||||||||||||||||||||||||||||||||||||||||||||||||||||||||||||||||||||||||||||||||||||||||||||||||||||||||||||||||||||||||||||||||||||||||||||||||||||||||||||||||||||
cold_semiarid_shelf||lib_materials:dirt_permafrost|1|lib_materials:dirt_permafrost|2|lib_materials:stone_basalt_01|||||||||||lowland|shelf|cold|semiarid|||||||||||||||||||||||||||||||||||||||||||||||||||||||||||||||||||||||||||||||||||||||||||||||||||||||||||||||||||||||||||||||||||||||||||||||||||||||||||||||||||||||||||||||||||||||||||||||||||||||||||||||||||||||||||
cold_semiarid_highland||lib_materials:dirt_permafrost|1|lib_materials:dirt_permafrost|1|lib_materials:stone_basalt_01|||||||||||shelf|highland|cold|semiarid|||||||||||||||||||||||||||||||||||||||||||||||||||||||||||||||||||||||||||||||||||||||||||||||||||||||||||||||||||||||||||||||||||||||||||||||||||||||||||||||||||||||||||||||||||||||||||||||||||||||||||||||||||||||||||
cold_semiarid_mountain||lib_materials:stone_diorite|4|lib_materials:stone_gneiss_02|6|lib_materials:stone_granite_02|||||||||||highland|mountain|cold|semiarid|||||||||||||||||||||||||||||||||||||||||||||||||||||||||||||||||||||||||||||||||||||||||||||||||||||||||||||||||||||||||||||||||||||||||||||||||||||||||||||||||||||||||||||||||||||||||||||||||||||||||||||||||||||||||||
cold_semiarid_strato||lib_materials:stone_andesite|3|lib_materials:stone_diorite|5|lib_materials:stone_gneiss_02|||||||||||mountain|strato|cold|semiarid|||||||||||||||||||||||||||||||||||||||||||||||||||||||||||||||||||||||||||||||||||||||||||||||||||||||||||||||||||||||||||||||||||||||||||||||||||||||||||||||||||||||||||||||||||||||||||||||||||||||||||||||||||||||||||
cold_arid_ocean||lib_materials:sand_silver|2|lib_materials:stone_sandstone_silver|4|lib_materials:stone_basalt_01|lib_materials:ice||lib_materials:ice||||||||ocean_depth|beach_depth|cold|arid|||||||||||||||||||||||||||||||||||||||||||||||||||||||||||||||||||||||||||||||||||||||||||||||||||||||||||||||||||||||||||||||||||||||||||||||||||||||||||||||||||||||||||||||||||||||||||||||||||||||||||||||||||||||||||
cold_arid_beach||lib_materials:dirt_with_snow|1|lib_materials:stone_sandstone_silver|4|lib_materials:stone_basalt_01|||||||||||beach_depth|beach|cold|arid|||||||||||||||||||||||||||||||||||||||||||||||||||||||||||||||||||||||||||||||||||||||||||||||||||||||||||||||||||||||||||||||||||||||||||||||||||||||||||||||||||||||||||||||||||||||||||||||||||||||||||||||||||||||||||
cold_arid_coastal||lib_materials:dirt_permafrost|1|lib_materials:dirt_permafrost|4|lib_materials:stone_basalt_01|||||||||||beach|coastal|cold|arid|||||||||||||||||||||||||||||||||||||||||||||||||||||||||||||||||||||||||||||||||||||||||||||||||||||||||||||||||||||||||||||||||||||||||||||||||||||||||||||||||||||||||||||||||||||||||||||||||||||||||||||||||||||||||||
cold_arid_lowland||lib_materials:dirt_permafrost|1|lib_materials:dirt_permafrost|3|lib_materials:stone_granite_01|||||||||||coastal|lowland|cold|arid|||||||||||||||||||||||||||||||||||||||||||||||||||||||||||||||||||||||||||||||||||||||||||||||||||||||||||||||||||||||||||||||||||||||||||||||||||||||||||||||||||||||||||||||||||||||||||||||||||||||||||||||||||||||||||
cold_arid_shelf||lib_materials:dirt_permafrost|1|lib_materials:dirt_permafrost|2|lib_materials:stone_gabbro|||||||||||lowland|shelf|cold|arid|||||||||||||||||||||||||||||||||||||||||||||||||||||||||||||||||||||||||||||||||||||||||||||||||||||||||||||||||||||||||||||||||||||||||||||||||||||||||||||||||||||||||||||||||||||||||||||||||||||||||||||||||||||||||||
cold_arid_highland||lib_materials:dirt_permafrost|1|lib_materials:dirt_permafrost|1|lib_materials:stone_granite_brown|||||||||||shelf|highland|cold|arid|||||||||||||||||||||||||||||||||||||||||||||||||||||||||||||||||||||||||||||||||||||||||||||||||||||||||||||||||||||||||||||||||||||||||||||||||||||||||||||||||||||||||||||||||||||||||||||||||||||||||||||||||||||||||||
cold_arid_mountain||lib_materials:stone_diorite|4|lib_materials:stone_gneiss_02|6|lib_materials:stone_granite_02|||||||||||highland|mountain|cold|arid|||||||||||||||||||||||||||||||||||||||||||||||||||||||||||||||||||||||||||||||||||||||||||||||||||||||||||||||||||||||||||||||||||||||||||||||||||||||||||||||||||||||||||||||||||||||||||||||||||||||||||||||||||||||||||
cold_arid_strato||lib_materials:stone_andesite|3|lib_materials:stone_diorite|5|lib_materials:stone_gneiss_02|||||||||||mountain|strato|cold|arid|||||||||||||||||||||||||||||||||||||||||||||||||||||||||||||||||||||||||||||||||||||||||||||||||||||||||||||||||||||||||||||||||||||||||||||||||||||||||||||||||||||||||||||||||||||||||||||||||||||||||||||||||||||||||||
#Name|Dust|NodeTop|NodeTopDepth|Filler|FillerDepth|Stone|WaterTop|WaterTopDepth|Water|River water|RiverBed|RiverBedDepth|CaveLiquid|DungeonNode|DungeonAlt|DungeonStair|Y-min|Y-max|Temperature|Humidity|MaxPos|MinPos|VerticalBlend|#Name|Dust|NodeTop|NodeTopDepth|Filler|FillerDepth|Stone|WaterTop|WaterTopDepth|Water|River water|RiverBed|RiverBedDepth|CaveLiquid|DungeonNode|DungeonAlt|DungeonStair|Y-min|Y-max|Temperature|Humidity|MaxPos|MinPos|VerticalBlend|#Name|Dust|NodeTop|NodeTopDepth|Filler|FillerDepth|Stone|WaterTop|WaterTopDepth|Water|River water|RiverBed|RiverBedDepth|CaveLiquid|DungeonNode|DungeonAlt|DungeonStair|Y-min|Y-max|Temperature|Humidity|MaxPos|MinPos|VerticalBlend|#Name|Dust|NodeTop|NodeTopDepth|Filler|FillerDepth|Stone|WaterTop|WaterTopDepth|Water|River water|RiverBed|RiverBedDepth|CaveLiquid|DungeonNode|DungeonAlt|DungeonStair|Y-min|Y-max|Temperature|Humidity|MaxPos|MinPos|VerticalBlend|#Name|Dust|NodeTop|NodeTopDepth|Filler|FillerDepth|Stone|WaterTop|WaterTopDepth|Water|River water|RiverBed|RiverBedDepth|CaveLiquid|DungeonNode|DungeonAlt|DungeonStair|Y-min|Y-max|Temperature|Humidity|MaxPos|MinPos|VerticalBlend|#Name|Dust|NodeTop|NodeTopDepth|Filler|FillerDepth|Stone|WaterTop|WaterTopDepth|Water|River water|RiverBed|RiverBedDepth|CaveLiquid|DungeonNode|DungeonAlt|DungeonStair|Y-min|Y-max|Temperature|Humidity|MaxPos|MinPos|VerticalBlend|#Name|Dust|NodeTop|NodeTopDepth|Filler|FillerDepth|Stone|WaterTop|WaterTopDepth|Water|River water|RiverBed|RiverBedDepth|CaveLiquid|DungeonNode|DungeonAlt|DungeonStair|Y-min|Y-max|Temperature|Humidity|MaxPos|MinPos|VerticalBlend|#Name|Dust|NodeTop|NodeTopDepth|Filler|FillerDepth|Stone|WaterTop|WaterTopDepth|Water|River water|RiverBed|RiverBedDepth|CaveLiquid|DungeonNode|DungeonAlt|DungeonStair|Y-min|Y-max|Temperature|Humidity|MaxPos|MinPos|VerticalBlend|#Name|Dust|NodeTop|NodeTopDepth|Filler|FillerDepth|Stone|WaterTop|WaterTopDepth|Water|River water|RiverBed|RiverBedDepth|CaveLiquid|DungeonNode|DungeonAlt|DungeonStair|Y-min|Y-max|Temperature|Humidity|MaxPos|MinPos|VerticalBlend|#Name|Dust|NodeTop|NodeTopDepth|Filler|FillerDepth|Stone|WaterTop|WaterTopDepth|Water|River water|RiverBed|RiverBedDepth|CaveLiquid|DungeonNode|DungeonAlt|DungeonStair|Y-min|Y-max|Temperature|Humidity|MaxPos|MinPos|VerticalBlend
tropical_rainforest_swamp||lib_materials:dirt_mud_01|1|lib_materials:dirt_mud_01|12|lib_materials:stone_brown|||||||||||-1|2|85|95|||||||||||||||||||||||||||||||||||||||||||||||||||||||||||||||||||||||||||||||||||||||||||||||||||||||||||||||||||||||||||||||||||||||||||||||||||||||||||||||||||||||||||||||||||||||||||||||||||||||||||||||||||||||||||
subtropical_rainforest_swamp||lib_materials:dirt_mud_01|1|lib_materials:dirt_mud_01|12|lib_materials:stone_brown|||||||||||-1|2|75|95|||||||||||||||||||||||||||||||||||||||||||||||||||||||||||||||||||||||||||||||||||||||||||||||||||||||||||||||||||||||||||||||||||||||||||||||||||||||||||||||||||||||||||||||||||||||||||||||||||||||||||||||||||||||||||
deciduous_forest_swamp||lib_materials:dirt_mud_01|1|lib_materials:dirt_silty|12|lib_materials:stone_mudstone|||||||||||-4|4|60|60|||||||||||||||||||||||||||||||||||||||||||||||||||||||||||||||||||||||||||||||||||||||||||||||||||||||||||||||||||||||||||||||||||||||||||||||||||||||||||||||||||||||||||||||||||||||||||||||||||||||||||||||||||||||||||
temperate_rainforest_swamp||lib_materials:dirt_mud_01|1|lib_materials:dirt_mud_01|12|lib_materials:stone_brown|||||||||||-1|2|50|95|||||||||||||||||||||||||||||||||||||||||||||||||||||||||||||||||||||||||||||||||||||||||||||||||||||||||||||||||||||||||||||||||||||||||||||||||||||||||||||||||||||||||||||||||||||||||||||||||||||||||||||||||||||||||||
